4653434
4653447
4653521
4653564
4653633
4653722
4653723
4653741
4653761
4653849
4653943
4653959
4654068
4654141
4654171
4654213
4654225
4654258
4654271
4654376
4654418
4654464
4654547
4654760
4654802
4654810
4654839
4654867
4654956
4654986
4655024
4655110
4655185
4655326
4655399
4655482
4655507
4655561
4655636
4655743
4655774
4655971
4655979
4655990
4656028
4656057
4656129
4656155
4656202
4656324
4656342
4656388
4656424
4656448
4656533
4656536
4656556
4656600
4656756
4656811
4656948
4657026
4657059
4657178
4657179
4657257
4657276
4657349
4657366
4657460
4657628
4657631
4657698
4657748
4657767
4657789
4657815
4657852
4657914
4657957
4658025
4658076
4658119
4658395
4658518
4658569
4658615
4658621
4658662
4658687
4658691
4658701
4658764
4658770
4658793
4659037
4659070
4659093
4659131
4659140
4659184
4659257
4659293
4659312
4659498
4659650
4659739
4659774
4659795
4659800
4659803
4659819
4659833
4659884
4660043
4660112
4660129
4660205
4660212
4660295
4660312
4660318
4660341
4660373
4660470
4660482
4660504
4660535
4660570
4660574
4660628
4660925
4661133
4661221
4661307
4661339
4661367
4661374
4661468
4661489
4661490
4661620
4661625
4661660
4661717
4661747
4661782
4661793
4661826
4661855
4661887
4661923
4661945
4661956
4662140
4662143
4662146
4662202
4662208
4662304
4662459
4662476
4662479
4662520
4662622
4662694
4662697
4662711
4662724
4662855
4662925
4663108
4663244
4663271
4663285
4663341
4663345
4663519
4663523
4663638
4663761
4663805
4663835
4663978
4663985
4663993
4664073
4664098
4664115
4664145
4664314
4664445
4664447
4664458
4664708
4664783
4664827
4664907
4664916
4664947
4664996
4665236
4665404
4665406
4665429
4665477
4665535
4665576
4665602
4665656
4665762
4665796
4665887
4665891
4665992
4666012
4666048
4666155
4666169
4666336
4666503
4666577
4666662
4666713
4666747
4666972
4667019
4667027
4667050
4667100
4667115
4667248
4667285
4667360
4667368
4667598
4667626
4667652
4667687
4667695
4667716
4667733
4667773
4667793
4667869
4667979
4668120
4668347
4668460
4668607
4668636
4668654
4668708
4668880
4668908
4668945
4669005
4669063
4669186
4669208
4669282
4669344
4669360
4669425
4669487
4669601
4669939
4670092
4670170
4670287
4670288
4670305
4670417
4670657
4670689
4670761
4670797
4670837
4670872
4670961
4671043
4671119
4671232
4671340
4671407
4671519
4671644
4671906
4672008
4672039
4672048
4672105
4672120
4672130
4672161
4672231
4672248
4672422
4672496
4672585
4672627
4672701
4673047
4673053
4673363
4673447
4673733
4673792
4673813
4673881
4674147
4674309
4674330
4674349
4674397
4674409
4674424
4674443
4674445
4674480
4674513
4674624
4674708
4674722
4674745
4674790
4674798
4674866
4674901
4674925
4674932
4674999
4675003
4675116
4675272
4675349
4675355
4675368
4675393
4675414
4675602
4675613
4675643
4675652
4675708
4675863
4676051
4676082
4676120
4676232
4676431
4676453
4676506
4676571
4676629
4676709
4676769
4676805
4676875
4677039
4677072
4677160
4677200
4677206
4677275
4677360
4677416
4677489
4677575
4677651
4677696
4677724
4677740
4677759
4677794
4677817
4677941
4678016
4678038
4678119
4678121
4678181
4678230
4678238
4678247
4678364
4678430
4678500
4678578
4678580
4678589
4678662
4678727
4678752
4678857
4678906
4678931
4679141
4679167
4679171
4679212
4679235
4679318
4679340
4679432
4679447
4679648
4679889
4679909
4679944
4679949
4680000
4680013
4680018
4680037
4680066
4680095
4680114
4680146
4680202
4680249
4680255
4680361
4680455
4680476
4680569
4680643
4680654
4680660
4680714
4680741
4680841
4680965
4680972
4681144
4681151
4681176
4681187
4681294
4681478
4681509
4681600
4681604
4681631
4681641
4681767
4681824
4681860
4681971
4682085
4682096
4682126
4682139
4682148
4682152
4682255
4682278
4682287
4682289
4682372
4682444
4682476
4682524
4682579
4682644
4682681
4682825
4682856
4682983
4683061
4683066
4683141
4683188
4683207
4683269
4683277
4683287
4683411
4683416
4683463
4683498
4683742
4683828
4683930
4683988
4684097
4684289
4684448
4684479
4684494
4684509
4684634
4684638
4684657
4684688
4684747
4684799
4684819
4684868
4684888
4684952
4684992
4685114
4685124
4685136
4685160
4685368
4685402
4685439
4685468
4685505
4685530
4685553
4685621
4685634
4685677
4685711
4685725
4685737
4685749
4685751
4685754
4686039
4686049
4686055
4686179
4686209
4686335
4686358
4686380
4686393
4686521
4686608
4686677
4686817
4686891
4687002
4687006
4687149
4687229
4687238
4687310
4687390
4687499
4687807
4687867
4687871
4687928
4687983
4688289
4688316
4688321
4688356
4688434
4688549
4688598
4688750
4688844
4688852
4688932
4688935
4689042
4689137
4689266
4689271
4689275
4689345
4689349
4689450
4689578
4689599
4689734
4689878
4689960
4690060
4690126
4690206
4690304
4690315
4690329
4690348
4690424
4690548
4690558
4690575
4690710
4690724
4690773
4690827
4690848
4690896
4690897
4690922
4690932
4690954
4691086
4691170
4691268
4691353
4691422
4691540
4691569
4691655
4691687
4691698
4691706
4691744
4691783
4691867
4691870
4691983
4692130
4692140
4692227
4692241
4692273
4692361
4692367
4692378
4692400
4692451
4692498
4692689
4692734
4692818
4692899
4692973
4692997
4693058
4693064
4693073
4693195
4693234
4693239
4693287
4693338
4693366
4693391
4693453
4693539
4693591
4693626
4693677
4693781
4693856
4693938
4693972
4693992
4694023
4694051
4694195
4694300
4694365
4694420
4694422
4694535
4694552
4694568
4694604
4694746
4694850
4694916
4694965
4695001
4695003
4695040
4695063
4695084
4695125
4695170
4695235
4695255
4695375
4695488
4695502
4695535
4695537
4695540
4695564
4695632
4695660
4695687
4696049
4696065
4696234
4696261
4696339
4696379
4696401
4696414
4696581
4696593
4696657
4696696
4696705
4696717
4696729
4696849
4697057
4697104
4697145
4697179
4697234
4697301
4697307
4697328
4697345
4697464
4697516
4697555
4697723
4697729
4697731
4697763
4697843
4697862
4697868
4697883
4698114
4698142
4698230
4698235
4698361
4698402
4698622
4698726
4698757
4698883
4699032
4699033
4699064
4699095
4699201
4699250
4699251
4699268
4699280
4699417
4699514
4699553
4699580
4699585
4699649
4699652
4699684
4699875
4701473
4704989
4705245
4705746
4706892
4706921
4707046
4707089
4707172
4707677
4707836
4707864
4707938
4708293
4708332
4708501
4708943
4708973
4708995
4709238
4709274
4709683
4710027
4710064
4710099
4710102
4711652
4711787
4712295
4712396
4713106
4713170
4713218
4713290
4713869
4714574
4714858
4715005
4715055
4715437
4716184
4716339
4716342
4716368
4716387
4716892
4717046
4717540
4717766
4717824
4717862
4717863
4718293
4718918
4719223
4719424
4719526
4719981
4720903
4720975
4721536
4721770
4722057
4722681
4722785
4723961
4724404
4724881
4724902
4724930
4725135
4727209
4727340
4728159
4728357
4728386
4728914
4729146
4729200
4729988
4730159
4730233
4732028
4732486
4733409
4734108
4735194
4735410
4735411
4735412
4735562
4735847
4736102
4736160
4736690
4737146
4737445
4737451
4737598
4738096
4738103
4738575
4739271
4740458
4740688
4741066
4741240
4741551
4741667
4741718
4741748
4742226
4742494
4743043
4744194
4744277
4744826
4744852
4745374
4745386
4745425
4745666
4746541
4746604
4747105
4748525
4748916
4749378
4750880
4750902
4751764
4752516
4752831
4753322
4754159
4754624
4755330
4756255
4756316
4756361
4757112
4757181
4757193
4757424
4757436
4757881
4758099
4758590
4758640
4760509
4760513
4760693
4760882
4761677
4761723
4762015
4762192
4762198
4762471
4762655
4763075
4763089
4763135
4764642
4765400
4765416
4765690
4765852
4765988
4767743
4768243
4768311
4768357
4769191
4769478
4769662
4770171
4770312
4770515
4770627
4771336
4771707
4771821
4772098
4772105
4772552
4773538
4773948
4774715
4774883
4774916
4775300
4776525
4777695
4777870
4778333
4778581
4778615
4779085
4779529
4779907
4780477
4780667
4780792
4780800
4781082
4781354
4781646
4781701
4781711
4782193
4783207
4783266
4783628
4783633
4783706
4783876
4783919
4784033
4784264
4784280
4784436
4784598
4784712
4785065
4785783
4785807
4786015
4786250
4786256
4786667
4786792
4786855
4787165
4787289
4787740
4787911
4788176
4788288
4788459
4788791
4788805
4789196
4789280
4789720
4789941
4790180
4790277
4790932
4791227
4791408
4791434
4791491
4791644
4791832
4791971
4792098
4792386
4792438
4792463
4792470
4793298
4793404
4793597
4793684
4793813
4793923
4794253
4794538
4794970
4795425
4795840
4795923
4796475
4796570
4797287
4797436
4797729
4797805
4798115
4798235
4798510
4798865
4799108
4799143
4799660
4800403
4800462
4802054
4802115
4802722
4802731
4803484
4803485
4804020
4804305
4804351
4804410
4804809
4804902
4805081
4805102
4805127
4805407
4805550
4805723
4805967
4806000
4806047
4806057
4806120
4806539
4806987
4807152
4807580
4807769
4807818
4808029
4808274
4808295
4808618
4809174
4809578
4810203
4810428
4810435
4811190
4811252
4811417
4811497
4811536
4811827
4811851
4812315
4812351
4812406
4812484
4813722
4813805
4814203
4814493
4815026
4815039
4815775
4815940
4816120
4816342
4816624
4817601
4818063
4818286
4818319
4818565
4818733
4818984
4818985
4819095
4819402
4819558
4819573
4819847
4819884
4819997
4820067
4820112
4820642
4820994
4820996
4821177
4821609
4821671
4821764
4822135
4822536
4822643
4822738
4822873
4823290
4823291
4823481
4824121
4824449
4824465
4824693
4824833
4824891
4824910
4824932
4825044
4825366
4825512
4826094
4826173
4826275
4826430
4826636
4826702
4826752
4826943
4827111
4827154
4827227
4827364
4827656
4828305
4828390
4828629
4828647
4829183
4829391
4829504
4829722
4829765
4829784
4830445
4830741
4830902
4830956
4830957
4830999
4831030
4831061
4831254
4831284
4831448
4831461
4831652
4831980
4832194
4832250
4832589
4832850
4832869
4832956
4833105
4833111
4833132
4833255
4834114
4834133
4834247
4834407
4835271
4835590
4836208
4836314
4838611
4838618
4839021
4839371
4839505
4840193
4840278
4840802
4840838
4841026
4841051
4841153
4841190
4841355
4841708
4842323
4842491
4842555
4842916
4842972
4843262
4843576
4843729
4844222
4844361
4844808
4844815
4845000
4845210
4845706
4846022
4846379
4846509
4846553
4846609
4846631
4846669
4846685
4846929
4847117
4847187
4847289
4847402
4847535
4847772
4847911
4848247
4848355
4848494
4848812
4848981
4848998
4849486
4849491
4849502
4850224
4850225
4850451
4850730
4850735
4850941
4851724
4851817
4852273
4852325
4852328
4852596
4852792
4852824
4852864
4852932
4853130
4853562
4853662
4853678
4854321
4855227
4855392
4855450
4855587
4855847
4855952
4855998
4856112
4856229
4856378
4856487
4856498
4856622
4856644
4856666
4856995
4857136
4857223
4857561
4857639
4857702
4858422
4858465
4858522
4858607
4858958
4859092
4859533
4859576
4859676
4860646
4860810
4860910
4861066
4861134
4861148
4861165
4861537
4861963
4861986
4862578
4863028
4863544
4863710
4863845
4863942
4863947
4863966
4864051
4864392
4864724
4865111
4865312
4865504
4865652
4865826
4865830
4866298
4866317
4866334
4866559
4866607
4866907
4867048
4867123
4867180
4867332
4867741
4867799
4867806
4867874
4868336
4868350
4868536
4868625
4868729
4868750
4869267
4869704
4870396
4870511
4870892
4870937
4871224
4871233
4871322
4871381
4871535
4871646
4871811
4871914
4872582
4872733
4872846
4872934
4873042
4873191
4873336
4873516
4873665
4873705
4874252
4874384
4875182
4875689
4875766
4875890
4876317
4876381
4876659
4876681
4876903
4877467
4877496
4877527
4877728
4877758
4877863
4878354
4878852
4878920
4878926
4879179
4879233
4879256
4879440
4879507
4879681
4879949
4880030
4880065
4880162
4880231
4880294
4880356
4880500
4880580
4880987
4881055
4881170
4881406
4881594
4881757
4881780
4881872
4881966
4882732
4883436
4883492
4883730
4883751
4884007
4884014
4884339
4884386
4884414
4884715
4884957
4885002
4885582
4885676
4885854
4886133
4886536
4886538
4886764
4886944
4887051
4887064
4887166
4887245
4887306
4887397
4887531
4887653
4887713
4887821
4887947
4888146
4888181
4888507
4888552
4888605
4888779
4889423
4889438
4889495
4889590
4889746
4889796
4889838
4890316
4890445
4890457
4890474
4890504
4890523
4890579
4890585
4890634
4891452
4891497
4891613
4891718
4892041
4892515
4892715
4893015
4893121
4893175
4893324
4893343
4893446
4893463
4893741
4894175
4894241
4894248
4894501
4894534
4894607
4894720
4894909
4894920
4894987
4895115
4895127
4895145
4895205
4895329
4895338
4895396
4895511
4895817
4895839
4896315
4896397
4896790
4896873
4896913
4897110
4897351
4897449
4897699
4897763
4897783
4897868
4898043
4898198
4898268
4898393
4898413
4898591
4899063
4899150
4899336
4899356
4899534
4899681
4900040
4900139
4900256
4900523
4900748
4900826
4901167
4901262
4901442
4901844
4902125
4902202
4902549
4902584
4902701
4902934
4903024
4903082
4903105
4903599
4903632
4903710
4903803
4903883
4904169
4904356
4904431
4904462
4904578
4904712
4904764
4904950
4905075
4905078
4905103
4905115
4905457
4905868
4905935
4905967
4906743
4907075
4907162
4907196
4907388
4907770
4907793
4907863
4908016
4908136
4908222
4908293
4908711
4908942
4909495
4909628
4909807
4909816
4910074
4910378
4910632
4910718
4910958
4911189
4911385
4911566
4911643
4911727
4911775
4911967
4912046
4912351
4912368
4912509
4912587
4912836
4912872
4912998
4913270
4913389
4913682
4913752
4913831
4913902
4913953
4913959
4914074
4914375
4914394
4914446
4914460
4914657
4914724
4914760
4915051
4915372
4915517
4915600
4915680
4915695
4915700
4915876
4915907
4915956
4916041
4916166
4916373
4916392
4916718
4916727
4916730
4916839
4917040
4917208
4917481
4917580
4917652
4917727
4917780
4917796
4917852
4918053
4918190
4918218
4918220
4918365
4918367
4918398
4918567
4918700
4918761
4918869
4918954
4919232
4919490
4919569
4919638
4920117
4920162
4920305
4920650
4920661
4920855
4921314
4921373
4921395
4921577
4922062
4922068
4922150
4922238
4922255
4922283
4922457
4922493
4922613
4922754
4922774
4922788
4922821
4922852
4923042
4923081
4923154
4923205
4930853
4931614
4932023
4933434
4933449
4933474
4933537
4933650
4934073
4935809
4935821
4937330
4937779
4938399
4945341
4945720
4946772
4947184
4947361
4947827
4948079
4948476
4948604
4948763
4948970
4949059
4949986
4950235
4950680
4950757
4950908
4951338
4951456
4951676
4951684
4951749
4952400
4952456
4952668
4952734
4952970
4952974
4952993
4953139
4953474
4953515
4953649
4953706
4954014
4954301
4954307
4954548
4954566
4954941
4955081
4955128
4956014
4956176
4956783
4957038
4957485
4957604
4958408
4958616
4959687
4959748
4959950
4960184
4960235
4960599
4961265
4961555
4961673
4961708
4962090
4962995
4963376
4963599
4963792
4963819
4963992
4963999
4964008
4964022
4964075
4964660
4964753
4964777
4964820
4965001
4965337
4965348
4965571
4965714
4965725
4965811
4965980
4965996
4966096
4966142
4966218
4966235
4966274
4966475
4966567
4966851
4966853
4967164
4967166
4967251
4967312
4967322
4967410
4967496
4967552
4967701
4967951
4968073
4968079
4968126
4968137
4968149
4968181
4968202
4968268
4968338
4968407
4968418
4968456
4968542
4968555
4968642
4968914
4968921
4968969
4968985
4969033
4969293
4969416
4969456
4969468
4969591
4969689
4969741
4969767
4969910
4969915
4969921
4970089
4970096
4970119
4970271
4970398
4970874
4970970
4971249
4971308
4971312
4971477
4971758
4971846
4971881
4971911
4971997
4972054
4972144
4972150
4972170
4972439
4972499
4972777
4972822
4972836
4972940
4973068
4973505
5000297
5000338
5000497
5000536
5000821
5000827
5000914
5001052
5001143
5001221
5001304
5001373
5001400
5001610
5001663
5001734
5001985
5002014
5002062
5002148
5002201
5002210
5002271
5002324
5002485
5002505
5002522
5002525
5002593
5002621
5002784
5002808
5002845
5002972
5002975
5003059
5003358
5003503
5003537
5003614
5003667
5003681
5004024
5004034
5004079
5004081
5004163
5004339
5004340
5004378
5004418
5004420
5004436
5004670
5004700
5004834
5004886
5004909
5005024
5005063
5005114
5005197
5005230
5005258
5005265
5005308
5005438
5005538
5005552
5005620
5005716
5005726
5005748
5005806
5005945
5005998
5006010
5006084
5006182
5006183
5006215
5006269
5006322
5006326
5006412
5006432
5006453
5006508
5006572
5006769
5006804
5006820
5006826
5006910
5007002
5007013
5007120
5007144
5007272
5007446
5007625
5007791
5007806
5007951
5007966
5008001
5008015
5008032
5008095
5008112
5008139
5008202
5008233
5008291
5008303
5008365
5008393
5008488
5008583
5008588
5008827
5008864
5009013
5009063
5009064
5009069
5009189
5009205
5009357
5009512
5009529
5009596
5009631
5009642
5009724
5009759
5009863
5009942
5009999
5010171
5010208
5010255
5010267
5010385
5010485
5010580
5010592
5010609
5010717
5010763
5010876
5010884
5010922
5010960
5010987
5011122
5011169
5011190
5011251
5011324
5011375
5011388
5011454
5011520
5011529
5011632
5011638
5011661
5011687
5011827
5011863
5011989
5012112
5012154
5012156
5012164
5012288
5012348
5012464
5012552
5012554
5012604
5012611
5012619
5012822
5012830
5012958
5013022
5013026
5013066
5013167
5013190
5013350
5013405
5013442
5013475
5013564
5013619
5013645
5013659
5013772
5013784
5013808
5013836
5013875
5013960
5014017
5014077
5014112
5014161
5014247
5014325
5014360
5014543
5014606
5014639
5014737
5014846
5014853
5015019
5015091
5015102
5015149
5015242
5015260
5015313
5015451
5015770
5015799
5015914
5015934
5015986
5016031
5016070
5016105
5016168
5016222
5016351
5016380
5016480
5016583
5016618
5016727
5016871
5016899
5017008
5017078
5017123
5017193
5017290
5017296
5017366
5017447
5017460
5017528
5017656
5017707
5017713
5017786
5017920
5018142
5018157
5018261
5018346
5018354
5018384
5018507
5018796
5018966
5018995
5019011
5019101
5019237
5019354
5019374
5019468
5019844
5019993
5020012
5020121
5020502
5020650
5020729
5020802
5020809
5021083
5021140
5021166
5021226
5021254
5021286
5021416
5021459
5021472
5021493
5021571
5021907
5022027
5022154
5022200
5022265
5022355
5022424
5022501
5022513
5022514
5022518
5022571
5022696
5022700
5022744
5022781
5022786
5022788
5022906
5023050
5023209
5023263
5023264
5023294
5023314
5023376
5023419
5023526
5023636
5023735
5023742
5023895
5023958
5024081
5024085
5024189
5024220
5024253
5024321
5024431
5024533
5024655
5024676
5024699
5024947
5025192
5025269
5025286
5025491
5025506
5025583
5025589
5025651
5025745
5025884
5025967
5026019
5026047
5026480
5026718
5027199
5027379
5027602
5027765
5027826
5028020
5028178
5028196
5028337
5028368
5029002
5029005
5029077
5029222
5029267
5029354
5029402
5029612
5030597
5030843
5031128
5031405
5031425
5031438
5031618
5031767
5031878
5031935
5032186
5032193
5032236
5032760
5032857
5034040
5034171
5034316
5034592
5034686
5035324
5035421
5035614
5035632
5035844
5035938
5036075
5036303
5037086
5037518
5038937
5039179
5039422
5039757
5039975
5040230
5040399
5041346
5041676
5042269
5042726
5043281
5043508
5043715
5043742
5043744
5043750
5043943
5044915
5044923
5044959
5045322
5045327
5045349
5045440
5045514
5046464
5046947
5047370
5047395
5047448
5048008
5048111
5049074
5049132
5049305
5049797
5050113
5050180
5050889
5051045
5051250
5051295
5051315
5052291
5052325
5052429
5052798
5052835
5052852
5053091
5053189
5053297
5053521
5053632
5054219
5054541
5055107
5055132
5055722
5056033
5056345
5056464
5056597
5057183
5057340
5057362
5057910
5057952
5058079
5059074
5059172
5059258
5059459
5059885
5060280
5060376
5060439
5060501
5060585
5060653
5061205
5061280
5061322
5061416
5061578
5061690
5062318
5062332
5062550
5062697
5063083
5063407
5063730
5064002
5064070
5064091
5064132
5064134
5064219
5064254
5064255
5064366
5064471
5064590
5065007
5065343
5065367
5065650
5065722
5065777
5065787
5065793
5065814
5065827
5065859
5066319
5066342
5066532
5066582
5066642
5066707
5066864
5066907
5067241
5067422
5067497
5067533
5067572
5067636
5068052
5068165
5068401
5068522
5068552
5068573
5068600
5068670
5068689
5068846
5068924
5069105
5069300
5069398
5069789
5069794
5070036
5070199
5070492
5070556
5070684
5070720
5070779
5070786
5070813
5070849
5070987
5071156
5071182
5071888
5071924
5071978
5071996
5072090
5072249
5072388
5072428
5072557
5072571
5072635
5072690
5072813
5072852
5072872
5072902
5072958
5073085
5073216
5073242
5073380
5073384
5073401
5073502
5073528
5073600
5073663
5073755
5073826
5074002
5074083
5074144
5074192
5074206
5074385
5074503
5075119
5075133
5075440
5075485
5076125
5076220
5076414
5076515
5076768
5076778
5220029
5220032
5220040
5220055
5220091
5220094
5220116
5220202
5220211
5220215
5220228
5220275
5220286
5220290
5220546
5220641
5220655
5220705
5220718
5220725
5220739
5220781
5220851
5220865
5220902
5220926
5220970
5221167
5221214
5221229
5221244
5221257
5221265
5221376
5221563
5221803
5221847
5221901
5222325
5222398
5222557
5222605
5222618
5222642
5222692
5222697
6000004
