4489603
4489726
4489776
4489816
4489932
4489941
4490290
4490425
4490428
4490567
4490585
4490599
4490605
4490645
4490685
4490855
4490863
4491022
4491053
4491138
4491221
4491246
4491351
4491371
4491392
4491560
4491593
4491618
4491696
4492087
4492093
4492300
4492553
4492660
4492684
4492834
4492954
4493253
4493376
4493475
4493486
4493648
4493741
4493913
4494032
4494062
4494116
4494195
4494272
4494308
4494424
4494504
4494593
4494648
4494706
4494732
4494741
4494819
4494851
4495192
4495196
4495659
4495713
4495762
4495816
4495847
4495943
4495968
4496009
4496119
4496122
4496352
4496434
4496594
4496653
4496672
4496728
4496782
4496885
4496923
4497267
4497457
4497586
4497903
4497946
4497950
4498060
4498062
4498183
4498258
4498261
4498304
4498347
4498437
4498500
4498551
4498691
4498729
4498861
4498905
4499143
4499321
4499547
4499551
4499857
4500117
4500139
4500272
4500304
4500358
4500367
4500391
4500545
4500725
4500828
4501078
4501160
4501239
4501414
4501450
4501483
4501484
4501669
4501797
4501808
4501879
4501962
4502192
4502205
4502318
4502352
4502361
4502396
4502540
4502630
4502851
4502893
4502930
4503117
4503203
4503209
4503226
4503271
4503319
4503513
4503747
4503762
4503763
4504067
4504197
4504231
4504584
4504658
4505099
4505100
4505510
4505710
4505893
4505948
4506252
4506415
4506507
4506540
4506599
4506606
4506676
4506736
4506771
4506807
4506940
4507047
4507112
4507155
4507232
4507249
4507301
4507402
4507502
4507541
4507609
4507811
4507815
4507873
4508117
4508129
4508233
4508323
4508590
4508602
4509165
4509220
4509354
4509386
4509407
4509536
4509646
4509723
4509761
4509853
4509997
4510225
4510238
4510315
4510528
4510620
4510913
4511142
4511205
4511315
4511387
4511410
4511440
4511591
4511613
4511636
4511755
4511833
4511842
4511871
4512012
4512024
4512063
4512088
4512139
4512158
4512278
4512301
4512374
4512517
4512598
4512601
4512754
4512782
4512788
4512834
4512985
4513021
4513086
4513302
4513359
4513366
4513404
4513482
4513586
4513773
4513795
4513892
4513937
4513985
4514167
4514191
4514193
4514220
4514379
4514421
4514465
4514522
4514729
4514750
4514770
4514845
4514906
4514918
4514924
4514946
4514971
4515188
4515218
4515220
4515384
4515442
4515469
4515556
4515591
4515592
4515798
4515802
4515811
4515837
4515838
4515895
4515932
4515974
4516014
4516017
4516059
4516181
4516474
4516526
4516787
4516803
4516878
4516902
4516979
4516994
4517028
4517224
4517239
4517297
4517378
4517488
4517531
4517600
4517674
4517717
4518014
4518044
4518057
4518275
4518367
4518375
4518482
4518533
4518741
4518888
4518894
4518940
4518945
4518969
4519085
4519128
4519211
4519255
4519291
4519434
4519616
4519820
4519941
4520083
4520243
4520257
4520337
4520342
4520364
4520392
4520485
4520721
4520725
4520840
4520855
4520985
4521024
4521048
4521082
4521134
4521155
4521252
4521479
4521544
4521576
4521662
4521673
4521742
4521750
4521829
4521842
4521924
4521944
4521985
4522062
4522087
4522090
4522099
4522115
4522285
4522301
4522318
4522338
4522546
4522590
4522674
4522774
4522784
4522795
4522807
4522809
4522905
4522908
4522916
4523024
4523260
4523298
4523317
4523377
4523492
4523542
4523863
4523927
4524013
4524139
4524210
4524301
4524305
4524306
4524319
4524421
4524488
4524498
4524553
4524573
4524624
4524648
4524747
4524820
4524830
4524842
4524860
4524880
4525011
4525148
4525243
4525260
4525282
4525302
4525479
4525544
4525559
4525570
4525610
4525721
4525792
4525895
4525995
4526115
4526130
4526151
4526398
4526402
4526403
4526405
4526470
4526530
4526660
4526727
4526773
4526779
4526799
4526871
4526895
4526945
4526997
4527009
4527127
4527134
4527237
4527272
4527511
4527518
4527588
4527710
4527908
4527940
4527996
4528021
4528075
4528246
4528346
4528418
4528427
4528458
4528600
4528649
4528713
4528767
4528819
4529030
4529091
4529219
4529248
4529363
4529388
4529433
4529502
4529524
4529664
4529744
4529820
4529957
4529961
4530043
4530194
4530202
4530210
4530214
4530245
4530257
4530309
4530418
4530455
4530544
4530856
4530914
4531056
4531070
4531165
4531284
4531363
4531391
4531589
4531603
4531672
4531803
4531811
4532177
4532221
4532231
4532255
4532305
4532349
4532358
4532378
4532390
4532429
4532451
4532508
4532516
4532602
4532825
4532865
4532897
4533105
4533257
4533317
4533318
4533363
4533514
4533535
4533624
4533666
4533704
4533733
4533810
4533994
4534098
4534248
4534272
4534630
4534742
4534754
4534774
4534850
4534857
4534872
4534905
4534921
4534964
4535161
4535166
4535210
4535331
4535474
4535488
4535634
4535641
4535824
4535830
4535856
4535866
4535910
4536032
4536036
4536159
4536170
4536195
4536200
4536239
4536270
4536387
4536505
4536529
4536587
4536600
4536614
4536845
4536905
4536931
4536952
4536985
4537027
4537203
4537372
4537423
4537434
4537461
4537557
4537611
4537614
4537660
4537672
4537755
4537761
4537788
4537880
4538006
4538014
4538040
4538049
4538153
4538178
4538182
4538196
4538252
4538308
4538321
4538458
4538468
4538502
4538681
4538900
4538960
4538986
4538987
4539093
4539094
4539251
4539268
4539415
4539523
4539647
4539703
4539731
4539862
4539865
4539887
4540126
4540171
4540244
4540245
4540292
4540344
4540370
4540406
4540425
4540484
4540506
4540590
4540646
4540650
4540774
4540829
4540842
4540896
4540916
4540966
4540975
4541044
4541062
4541142
4541193
4541213
4541313
4541366
4541437
4541450
4541578
4541673
4541713
4541754
4541929
4541969
4541978
4542006
4542059
4542102
4542187
4542239
4542297
4542387
4542444
4542457
4542515
4542558
4542583
4542780
4542803
4542842
4542864
4542883
4542926
4543040
4543244
4543262
4543279
4543288
4543294
4543302
4543537
4543652
4543678
4543691
4543707
4543789
4543825
4543896
4543953
4544063
4544077
4544078
4544225
4544503
4544573
4544605
4544635
4544783
4544816
4544836
4544839
4544961
4545007
4545171
4545275
4545300
4545304
4545330
4545367
4545405
4545413
4545445
4545526
4545570
4545572
4545589
4545636
4545736
4545813
4545824
4545849
4545885
4545894
4545897
4545930
4545953
4545962
4546001
4546018
4546020
4546115
4546168
4546384
4546440
4546579
4546584
4546611
4546746
4546853
4546866
4546953
4547056
4547144
4547190
4547197
4547247
4547289
4547331
4547362
4547392
4547533
4547553
4547672
4547710
4547839
4547868
4547870
4547917
4548050
4548257
4548273
4548283
4548291
4548332
4548432
4548486
4548500
4548584
4548613
4548629
4548673
4548691
4548770
4548800
4548825
4548874
4548908
4548932
4548936
4548939
4548969
4549107
4549113
4549243
4549304
4549404
4549415
4549501
4549561
4549608
4549667
4549691
4549727
4549826
4550023
4550084
4550112
4550141
4550250
4550268
4550449
4550477
4550530
4550567
4550600
4550607
4550628
4550686
4550839
4550854
4550869
4550929
4550934
4550972
4551052
4551357
4551521
4551560
4551573
4551609
4551726
4551815
4551999
4552013
4552184
4552202
4552285
4552289
4552304
4552339
4552477
4552488
4552611
4552658
4552724
4552741
4552765
4552822
4552862
4552875
4552880
4552911
4552947
4552998
4553024
4553071
4553074
4553112
4553147
4553183
4553211
4553293
4553302
4553312
4553343
4553353
4553402
4553651
4553691
4553730
4553734
4553882
4553938
4553960
4553965
4553973
4554082
4554148
4554248
4554363
4554408
4554557
4554617
4554636
4554654
4554717
4554735
4554750
4554792
4554795
4554798
4554965
4555005
4555169
4555262
4555266
4555290
4555320
4555363
4555404
4555500
4555509
4555544
4555549
4555580
4555612
4555624
4555707
4555857
4555862
4555871
4555900
4555905
4555965
4555972
4555999
4556011
4556015
4556030
4556043
4556093
4556213
4556214
4556298
4556440
4556511
4556567
4556599
4556646
4556863
4556974
4556998
4557000
4557055
4557073
4557185
4557196
4557327
4557357
4557361
4557378
4557386
4557404
4557413
4557440
4557442
4557476
4557538
4557539
4557577
4557644
4557728
4557759
4557771
4557803
4557822
4557852
4557888
4557891
4557947
4557984
4557994
4558048
4558079
4558092
4558099
4558130
4558133
4558157
4558218
4558343
4558353
4558448
4558535
4558670
4558714
4558768
4558770
4558884
4558981
4559106
4559119
4559148
4559213
4559280
4559347
4559379
4559386
4559446
4559523
4559554
4559657
4559877
4559884
4559896
4559923
4559940
4559986
4560055
4560119
4560213
4560235
4560244
4560259
4560276
4560391
4560524
4560566
4560617
4560690
4560918
4560920
4560926
4560999
4561034
4561058
4561129
4561369
4561371
4561372
4561396
4561461
4561474
4561487
4561488
4561512
4561514
4561552
4561621
4561639
4561804
4561819
4562001
4562013
4562283
4562291
4562311
4562347
4562424
4562486
4562506
4562521
4562607
4562673
4562702
4562806
4562930
4562934
4563031
4563111
4563124
4563128
4563172
4563174
4563287
4563357
4563426
4563519
4563521
4563605
4563657
4563682
4563742
4563781
4563825
4563879
4563962
4564079
4564083
4564088
4564102
4564169
4564268
4564310
4564397
4564506
4564530
4564567
4564606
4564677
4564730
4564764
4564784
4564836
4564870
4564878
4564909
4564941
4564957
4565145
4565146
4565180
4565251
4565260
4565290
4565305
4565576
4565585
4565611
4565614
4565702
4565770
4565801
4565805
4565923
4565983
4566991
4567061
4567847
4568627
4568631
4568700
4569603
4569796
4569933
4570301
4570314
4570319
4570738
4570842
4570927
4571191
4571301
4571704
4571854
4571920
4571958
4572063
4572198
4572648
4572658
4572890
4572902
4572904
4573281
4573296
4573354
4573367
4573554
4573560
4573771
4573807
4573825
4573964
4574046
4574085
4574149
4574277
4574351
4574588
4574649
4574708
4574710
4574736
4574762
4574768
4574785
4574788
4574796
4574802
4574886
4574896
4575025
4575123
4575139
4575162
4575180
4575530
4575542
4575547
4575573
4575626
4575631
4575657
4575674
4575682
4575693
4575770
4575798
4575813
4575844
4575889
4575894
4575917
4575926
4575940
4575953
4575962
4575963
4575970
4576240
4576283
4576345
4576367
4576434
4576470
4576710
4576813
4576833
4576998
4577189
4577236
4577286
4577289
4577353
4577467
4577676
4577753
4577780
4577853
4577869
4577870
4577887
4577942
4578340
4578443
4578510
4578520
4578527
4578610
4578923
4579045
4579057
4579066
4579078
4579109
4579169
4579181
4579193
4579411
4579444
4579489
4579499
4579502
4579519
4579540
4579557
4579585
4580108
4580130
4580149
4580180
4580191
4580313
4580341
4580369
4580434
4580503
4580525
4580549
4580630
4580848
4581039
4581042
4581047
4581053
4581099
4581142
4581183
4581201
4581215
4581290
4581349
4581377
4581381
4581550
4581586
4581589
4581715
4581730
4581976
4582082
4582155
4582178
4582466
4582568
4582596
4582628
4582669
4582680
4582689
4582894
4582948
4582998
4583017
4583041
4583051
4583055
4583060
4583111
4583122
4583145
4583233
4583266
4583285
4583412
4583429
4583470
4583510
4583548
4583625
4583652
4583747
4583832
4583954
4583985
4583988
4584060
4584075
4584109
4584144
4584222
4584279
4584336
4584407
4584497
4584511
4584553
4584706
4584727
4584769
4584930
4584982
4584985
4585066
4585125
4585138
4585250
4585308
4585428
4585435
4585466
4585505
4585547
4585647
4585698
4585724
4585839
4585874
4585978
4585997
4586014
4586037
4586094
4586118
4586282
4586304
4586368
4586422
4586483
4586574
4586599
4586631
4586741
4586798
4586813
4586852
4586870
4586997
4587022
4587028
4587073
4587092
4587115
4587152
4587207
4587232
4587248
4587332
4587353
4587380
4587572
4587771
4587849
4587944
4587971
4587980
4588004
4588112
4588129
4588136
4588162
4588203
4588256
4588297
4588396
4588404
4588457
4588504
4588655
4588674
4588694
4588700
4588746
4588847
4588862
4588897
4588901
4588904
4589107
4589151
4589208
4589284
4589334
4589371
4589439
4589452
4589605
4589683
4589728
4589795
4589906
4589908
4589962
4589976
4590007
4590057
4590076
4590177
4590216
4590327
4590334
4590337
4590486
4590509
4590537
4590857
4591011
4591014
4591021
4591034
4591132
4591140
4591191
4591223
4591257
4591290
4591321
4591352
4591376
4591503
4591632
4591641
4591655
4591737
4591741
4591761
4591808
4591812
4592202
4592264
4592321
4592396
4592401
4592433
4592483
4592543
4592583
4592584
4592600
4592679
4592705
4592789
4592800
4592823
4592911
4593121
4593153
4593164
4593221
4593249
4593258
4593395
4593409
4593432
4593436
4593460
4593508
4593534
4593675
4593780
4593824
4593877
4594133
4594196
4594402
4594409
4594457
4594460
4594478
4594558
4594661
4594858
4594904
4594926
4594991
4595001
4595035
4595046
4595088
4595313
4595378
4595443
4595482
4595526
4595641
4595644
4595686
4595744
4595760
4595875
4596086
4596191
4596229
4596234
4596266
4596334
4596367
4596409
4596453
4596529
4596615
4596619
4596647
4596757
4596780
4596788
4596822
4596862
4596866
4596868
4596898
4596958
4596967
4597006
4597185
4597213
4597224
4597284
4597291
4597312
4597451
4597464
4597544
4597549
4597560
4597586
4597594
4597622
4597682
4597720
4597744
4597842
4597903
4597911
4597979
4598009
4598139
4598155
4598164
4598262
4598352
4598370
4598517
4598533
4598566
4598592
4598629
4598640
4598684
4598702
4598849
4598935
4598953
4598974
4599025
4599120
4599128
4599179
4599254
4599318
4599410
4599514
4599623
4599741
4599759
4599783
4599932
4599946
4599981
4600016
4600054
4600057
4600106
4600124
4600323
4600334
4600347
4600349
4600385
4600395
4600503
4600562
4600644
4600690
4600733
4601071
4601122
4601196
4601287
4601401
4601407
4601437
4601531
4601548
4601565
4601662
4601701
4601710
4601723
4601768
4601782
4601863
4601962
4601971
4602023
4602163
4602249
4602259
4602261
4602274
4602320
4602338
4602348
4602416
4602436
4602490
4602561
4602599
4602601
4602651
4602692
4602766
4602773
4602781
4602927
4602942
4602977
4602987
4603129
4603144
4603170
4603194
4603231
4603248
4603317
4603331
4603411
4603451
4603487
4603560
4603563
4603635
4603722
4603803
4604208
4604224
4604254
4604270
4604360
4604467
4604572
4604655
4604719
4604721
4604755
4604815
4604919
4604949
4605017
4605137
4605165
4605180
4605318
4605351
4605494
4605530
4605546
4605580
4605585
4605592
4605709
4605712
4605749
4605787
4605814
4605816
4605868
4605875
4605918
4605928
4606015
4606054
4606070
4606084
4606186
4606246
4606345
4606351
4606415
4606469
4606473
4606569
4606684
4606826
4606909
4606922
4606958
4607174
4607214
4607323
4607390
4607430
4607495
4607530
4607547
4607660
4607756
4607874
4607955
4608002
4608160
4608178
4608189
4608194
4608204
4608263
4608295
4608423
4608462
4608663
4608673
4608675
4608771
4608856
4608935
4609094
4609122
4609219
4609230
4609265
4609334
4609336
4609399
4609411
4609486
4609495
4609501
4609502
4609551
4609573
4609596
4609600
4609665
4609793
4609823
4609846
4610106
4610130
4610136
4610170
4610174
4610253
4610264
4610278
4610333
4610380
4610432
4610492
4610513
4610560
4610613
4610645
4610736
4610748
4610806
4610861
4610882
4610893
4610909
4610927
4610956
4610972
4611016
4611066
4611137
4611180
4611273
4611274
4611304
4611418
4611424
4611508
4611511
4611569
4611614
4611641
4611667
4611781
4611879
4611936
4611964
4611967
4612033
4612203
4612232
4612256
4612344
4612441
4612480
4612485
4612498
4612523
4612534
4612554
4612575
4612577
4612591
4612630
4612732
4612763
4612786
4612800
4612826
4612877
4612883
4612937
4613086
4613111
4613122
4613136
4613267
4613307
4613342
4613387
4613396
4613397
4613407
4613500
4613520
4613643
4613673
4613723
4613841
4613888
4613899
4613958
4613963
4614017
4614032
4614175
4614234
4614314
4614347
4614413
4614443
4614564
4614586
4614647
4614657
4614671
4614711
4614726
4614820
4614822
4614835
4614843
4614934
4614961
4615015
4615029
4615113
4615121
4615126
4615152
4615259
4615290
4615317
4615427
4615437
4615512
4615552
4615557
4615576
4615594
4615599
4615610
4615612
4615649
4615652
4615675
4615693
4615894
4615968
4616185
4616245
4616249
4616271
4616354
4616410
4616459
4616501
4616504
4616542
4616593
4616624
4616634
4616680
4616734
4616852
4616986
4616989
4617099
4617211
4617430
4617481
4617516
4617571
4617613
4617800
4617918
4617960
4617975
4617998
4618051
4618181
4618280
4618284
4618309
4618341
4618409
4618513
4618541
4618616
4618674
4618742
4618795
4618810
4618885
4619201
4619301
4619349
4619354
4619364
4619464
4619610
4619822
4619839
4619851
4619948
4620095
4620147
4620161
4620168
4620229
4620329
4620442
4620444
4620553
4620699
4620777
4620814
4620847
4620946
4621076
4621225
4621276
4621598
4621617
4621713
4621827
4621838
4621891
4621955
4621958
4622135
4622292
4622597
4622693
4622807
4622830
4623009
4623016
4623078
4623134
4623140
4623146
4623178
4623317
4623362
4623374
4623507
4623548
4623677
4623820
4623830
4623841
4623870
4623958
4624043
4624116
4624118
4624121
4624136
4624153
4624162
4624210
4624282
4624294
4624356
4624371
4624478
4624594
4624855
4624885
4624990
4625047
4625260
4625294
4625347
4625421
4625485
4625662
4625674
4625695
4625763
4625784
4625822
4625879
4625991
4625998
4626030
4626223
4626230
4626274
4626277
4626302
4626333
4626484
4626510
4626590
4626629
4626689
4626699
4626707
4626712
4626996
4627054
4627085
4627106
4627124
4627198
4627283
4627355
4627369
4627387
4627450
4627527
4627555
4627578
4627584
4627596
4627629
4627638
4627642
4627647
4627651
4627677
4627678
4627728
4627802
4627821
4627828
4627834
4627843
4627855
4627881
4627911
4628033
4628064
4628222
4628292
4628303
4628340
4628571
4628615
4628709
4628803
4628834
4628844
4628851
4628902
4628918
4629014
4629033
4629044
4629083
4629099
4629106
4629127
4629236
4629402
4629421
4629443
4629503
4629526
4629600
4629662
4629712
4629844
4629915
4629925
4630157
4630371
4630383
4630399
4630486
4630539
4630627
4630632
4630644
4630645
4630656
4630695
4630723
4630736
4630737
4630779
4630850
4631076
4631170
4631330
4631354
4631519
4631627
4631715
4631767
4631773
4631781
4631790
4631804
4631849
4631863
4631902
4631939
4631950
4631965
4631971
4631979
4631989
4632030
4632066
4632178
4632214
4632221
4632233
4632243
4632291
4632425
4632495
4632627
4632715
4632801
4632802
4632909
4632912
4632943
4632968
4633081
4633089
4633149
4633190
4633247
4633268
4633318
4633379
4633451
4633583
4633700
4633724
4633793
4633839
4633867
4633958
4634024
4634035
4634078
4634110
4634389
4634406
4634407
4634413
4634520
4634522
4634638
4634710
4634756
4634780
4634824
4635255
4635418
4635457
4635512
4635515
4635614
4635651
4635660
4635694
4635700
4635880
4636038
4636045
4636046
4636071
4636171
4636202
4636233
4636243
4636247
4636257
4636300
4636307
4636317
4636352
4636364
4636394
4636439
4636517
4636525
4636530
4636568
4636588
4636604
4636826
4636872
4636874
4636905
4636973
4637030
4637052
4637096
4637168
4637212
4637264
4637282
4637328
4637406
4637452
4637468
4637501
4637726
4637759
4637845
4637938
4637984
4638221
4638238
4638259
4638326
4638430
4638433
4638541
4638604
4638667
4638722
4638808
4639029
4639072
4639089
4639106
4639196
4639266
4639314
4639537
4639585
4639648
4639686
4639733
4639800
4639808
4639949
4640032
4640078
4640121
4640125
4640212
4640232
4640270
4640316
4640476
4640537
4640572
4640586
4640626
4640656
4640664
4640682
4640683
4640786
4640916
4640962
4641013
4641059
4641108
4641203
4641206
4641335
4641365
4641400
4641472
4641512
4641558
4641571
4641720
4641774
4641811
4641885
4641923
4641948
4642056
4642090
4642110
4642187
4642236
4642294
4642307
4642351
4642395
4642417
4642420
4642454
4642467
4642598
4642600
4642616
4642654
4642773
4642901
4642928
4643076
4643100
4643212
4643329
4643341
4643479
4643501
4643510
4643513
4643554
4643604
4643615
4643625
4643652
4643726
4643844
4643967
4644028
4644032
4644126
4644130
4644171
4644208
4644257
4644464
4644483
4644498
4644519
4644586
4644659
4644661
4644667
4644669
4644670
4644685
4644730
4644812
4644837
4644841
4644875
4644887
4644950
4644964
4644969
4645143
4645165
4645197
4645235
4645559
4645592
4645741
4645749
4645801
4645861
4645933
4646056
4646072
4646077
4646090
4646106
4646128
4646188
4646209
4646251
4646274
4646292
4646319
4646482
4646488
4646502
4646576
4646623
4646632
4646706
4646754
4646820
4646927
4646981
4647017
4647022
4647028
4647049
4647083
4647113
4647139
4647153
4647195
4647356
4647387
4647454
4647491
4647539
4647566
4647570
4647581
4647626
4647632
4647670
4647856
4648306
4648335
4648365
4648466
4648488
4648536
4648817
4648831
4649021
4649078
4649148
4649191
4649238
4649311
4649388
4649526
4649661
4649695
4649725
4649774
4649798
4649800
4649952
4650079
4650098
4650230
4650260
4650282
4650292
4650403
4650431
4650539
4650583
4650604
4650632
4650640
4650671
4650728
4650743
4650841
4650855
4650905
4650932
4650936
4650948
4650983
4650996
4651071
4651110
4651310
4651317
4651372
4651483
4651489
4651569
4651619
4651656
4651740
4651914
4651917
4651957
4652100
4652137
4652222
4652373
4652465
4652594
4652763
4652806
4652848
4652857
4652870
4652873
4653087
4653165
4653172
4653181
4653220
4653240
4653430
