107213
14227
146540
150644
150889
154561
165294
174820
174951
175856
183600
185670
185792
186490
187993
195005
199647
200791
203172
210515
211870
213400
221458
221655
225312
230912
231738
232377
241620
259378
263632
265655
267202
280466
292633
295005
300870
301504
304610
316952
330033
333944
343237
345452
352546
358397
35923
377859
403642
405490
406628
407396
410807
411310
419880
435252
444504
4573725
463561
481676
494831
505314
513672
524927
528289
532740
539410
541662
541886
543683
543833
546280
547653
555094
563365
564309
570927
580295
597407
6306
647286
651870
653722
660421
670267
674521
706264
706286
707754
723045
730621
741472
74509
746287
746926
760135
779540
781654
794680
796795
805969
813322
814234
816300
817018
827574
833045
837741
846928
852133
856388
856619
861395
862196
866396
873040
873727
874557
875696
875865
876627
879162
887994
888284
891851
907409
911245
913357
915874
916249
917280
919553
927141
943824
944965
960476
97740
983178
990770
996739
