3080179
3084962
3085045
3085065
3085188
3085252
3085286
3085387
3085410
3086026
3086498
3086800
3086804
3086816
3086847
3086917
3087203
3087450
3087511
3087766
3087786
3088011
3088196
3088218
3088220
3088325
3088332
3088551
3088710
3089000
3089165
3089188
3089214
3089512
3089529
3089554
3089595
3089778
568397
568620
3002769
3002794
3002803
3003112
3003188
3003467
3003470
3003545
3003555
3003607
3003691
3003939
3004022
3004036
3004045
3004158
3004372
3004483
3004675
3004727
3004785
3004949
3004968
3005443
3005535
3005627
3005724
3005967
3005969
3006107
3006155
3006159
3006198
3006209
3006243
3006287
3006304
3006528
3006550
3006718
3006942
3007130
3007223
3007226
3007381
3007597
3007685
3007821
3008008
3008106
3008216
3008294
3008381
3008723
3008731
3008861
3009065
3009119
3009190
3009341
3009405
3009446
3009558
3009576
3009619
3009659
3009690
3009883
3009913
3010058
3010143
3010297
3010320
3010466
3010618
3010685
3010823
3011112
3011251
3011434
3011458
3011635
3011721
3011747
3011877
3011931
3012094
3012168
3012193
3012344
3012375
3012423
3012492
3012721
3013010
3013097
3013389
3013468
3013558
3013793
3013895
3014232
3014247
3014706
3014741
3014781
3014969
3015014
3015041
3015058
3015060
3015364
3015474
3015782
3015867
3016042
3016119
3016220
3016355
3016666
3016704
3016869
3017125
3017189
3017204
3017357
3017543
3017582
3017628
3017774
3018164
3018320
3018403
3018405
3018852
3018937
3019076
3019145
3019160
3019393
3019538
3019715
3019771
3019822
3019838
3019914
3019916
3020130
3020170
3020314
3020354
3020536
3020713
3020789
3020873
3020926
3020990
3021249
3021291
3021299
3021300
3021322
3021341
3021464
3021471
3021548
3021565
3022195
3022373
3022472
3022480
3022607
3023221
3023246
3023287
3023560
3023600
3023675
3023933
3023949
3023979
3024050
3024062
3024249
3024643
3024727
3024795
3024836
3024930
3025230
3025356
3025416
3025595
3025616
3025775
3025891
3026035
3026218
3026247
3026277
3026353
3026385
3026499
3026626
3026644
3026666
3026758
3026870
3026989
3027122
3027318
3027367
3027408
3027646
3027648
3028194
3028214
3028575
3028668
3028739
3028747
3028882
3028914
3028981
3029137
3029462
3029475
3029674
3030292
3030434
3030586
3030624
3030994
3031045
3031228
3031256
3031748
3031806
3032038
3032259
3032306
3032427
3032511
3032610
3032708
3032736
3033039
3033057
3033206
3033313
3033326
3033392
3033393
3033403
3033442
3033864
3033865
3033931
3034035
3034160
3034161
3034332
3034442
3034468
3034515
3034599
3034700
3034722
3035298
3035566
3035588
3035674
3035904
3036492
3036762
3036824
3037501
3037594
3037696
3037786
3037808
3037812
3037894
3038285
3038440
3038501
3038704
3038747
3038855
3038933
3039163
3039494
3039526
3039592
3039647
3039786
3039999
3040048
3040172
3040197
3040904
3041160
3041179
3041330
3041526
3041621
3041819
3041882
3041906
3041936
3041954
3041987
3042066
3042219
3042504
3042651
3042678
3042833
3042989
3043144
3043155
3043182
3043212
3043252
3043350
3043438
3043555
3043658
3043828
3043908
3044002
3044003
3044224
3044470
3044707
3044717
3044839
3044925
3045173
3045183
3045253
3045350
3045477
3045943
3046013
3046163
3046393
3047148
3047190
3047235
3047291
3047383
3047419
3047552
3047660
3048130
3048612
3048709
3049041
3049060
3049121
3049304
3049365
3049389
3049435
3049687
3049809
3049996
3050020
3050036
3050052
3050246
3050252
3050294
3050446
3050468
3050787
3050947
3051112
3051192
3051280
3051440
3051542
3051601
3051798
3051809
3052258
3052271
3052299
3052847
3052983
3053080
3053150
3053218
3053554
3053786
3054031
3054758
3054891
3054975
3055097
3055139
3055262
3055740
3056097
3056186
3056268
3056363
3056604
3056624
3056675
3056677
3056705
3056711
3057147
3057351
3057553
3058223
3058387
3058529
3058716
3058834
3058850
3058868
3059006
3059016
3059074
3059093
3059543
3059585
3059738
3059798
3059879
3059933
3059951
3060008
3060084
3060164
3060303
3060330
3060370
3060970
3061744
3061892
3062319
3062502
3062791
3063109
3063121
3063218
3063226
3063272
3063565
3063753
3063866
3064047
3064150
3064682
3064768
3064823
3064954
3065274
3065338
3065435
3065482
3065602
3065746
3065866
3065943
3066066
3066174
3066231
3066247
3066354
3066486
3066643
3066659
3066684
3066937
3067026
3067111
3067149
3067205
3067277
3067587
3067698
3067910
3068115
3068253
3068970
3069129
3069248
3069261
3069278
3069675
3069681
3069739
3069780
3069912
3069914
3070260
3070361
3070471
3070504
3070527
3070803
3070843
3071035
3071137
3071180
3071186
3071226
3071578
3071589
3071644
3071728
3071854
3071857
3072115
3072387
3072456
3072509
3072682
3072916
3072965
3073309
3073520
3073549
3073620
3073670
3073870
3074089
3074206
3074219
3074224
3074254
3074373
3074556
3074982
3075094
3075138
3075141
3075309
3075446
3075590
3075655
3075724
3075762
3075765
3075815
3075819
3075833
3075896
3076261
3076271
3076443
3076448
3076497
3076635
3076738
3076766
3076872
3076967
3077367
3077444
3077697
3077735
3077767
3078087
3078218
3078412
3078429
3079190
3079331
3079478
3079590
3079596
3079897
3079935
3080037
3080047
3080069
3080165
3080266
3080279
3080310
3080392
3080720
3080787
3080819
3080921
3080943
3081054
3081283
3081311
3081374
3081508
3082231
3082271
3082318
3082405
3082409
3082438
3082443
3082564
3082709
3082773
3083443
3083522
3083672
3084066
3084281
3084651
3084685
3084778
3084801
3084895
3091675
3132163
3146830
3160369
3160605
3160645
3160768
3160796
3160878
3161096
3161097
3161149
3161267
3161311
3161357
3161452
3161513
3161927
3162151
3162167
3162169
3162377
3162435
3162521
3162575
3162588
3162592
3162648
3162693
3162807
3163035
3163352
3163443
3163577
3163690
3163885
3164117
3164216
3164260
3082433
3085346
3089955
3090463
3090660
3091194
3091249
3091336
3091341
3091436
3091536
3091670
3091699
3091764
3091985
3092112
3092333
3092441
3092594
3092619
3092625
3092842
3092853
3093023
3093282
3093685
3093906
3093909
3094955
3095412
3095576
3096433
3096472
3096697
3096903
3096953
3097098
3097140
3097216
3097223
3097461
3097488
3097504
3097778
3097795
3097881
3098031
3098068
3098348
3098450
3098516
3098522
3098573
3098846
3098964
3099236
3099914
3099977
3100063
3100270
3100275
3100348
3100456
3100740
3100831
3101153
3101271
3101350
3101575
3101860
3101954
3102240
3102397
3102461
3102656
3102830
3102988
3103017
3103197
3103351
3103473
3103561
3103584
3103703
3104220
3104221
3104747
3104750
3104917
3104995
3105428
3105477
3105668
3105700
3105726
3105868
3106150
3106325
3106347
3106945
3107037
3107146
3107243
3107314
3107354
3107369
3107480
3107497
3107584
3107842
3107884
3108001
3108188
3108304
3108346
3108361
3108372
3108386
3108390
3108716
3108779
3109196
3109258
3109269
3109445
3109502
3109563
3109686
3109767
3109780
3109995
3110056
3110348
3110374
3110459
3110476
3110969
3111012
3111039
3111084
3111513
3111592
3111811
3111958
3112563
3112697
3112739
3113030
3113537
3113974
3114373
3114402
3114589
3114599
3114803
3114891
3115087
3115106
3115130
3115183
3115276
3115277
3115307
3115781
3116027
3116034
3116250
3116377
3116384
3116835
3117022
3117076
3117099
3117149
3117187
3117244
3117493
3117501
3117578
3118018
3118019
3118472
3118954
3119026
3119139
3119140
3119390
3119558
3119579
3119705
3119712
3119869
3119915
3120083
3120208
3120263
3120522
3120652
3120765
3120776
3121315
3121494
3121550
3121580
3121811
3121827
3121851
3121868
3121921
3122163
3122444
3122453
3122540
3122556
3122596
3122625
3122814
3123112
3123252
3123262
3123853
3123941
3124088
3124165
3124889
3124927
3125220
3125664
3126134
3126542
3126571
3126627
3126680
3126717
3127166
3127223
3127545
3127601
3127622
3127706
3127756
3127761
3127781
3127880
3128231
3128252
3128453
3128596
3128903
3128978
3129318
3129320
3129751
3129806
3129913
3129923
3130044
3130066
3130325
3130513
3130520
3130597
3130603
3130734
3131173
3131328
3131427
3131645
3131650
3131687
3131755
3131852
3132489
3133040
3133079
3133235
3134055
3134071
3134184
3134267
3134481
3134527
3134602
3134971
3134993
3135125
3135335
3135442
3135449
3135517
3135850
3135904
3136127
3136213
3136267
3136535
3136596
3136639
3136908
3137141
3137291
3137407
3137643
3137662
3137691
3137709
3138312
3138477
3138677
3138889
3138894
3138916
3138945
3139123
3139146
3139375
3139499
3139832
3139892
3140037
3140114
3140150
3140220
3140387
3140499
3140713
3140744
3141070
3141284
3141357
3141387
3141521
3141806
3141817
3141848
3141986
3142133
3142134
3142144
3142248
3142362
3142638
3143056
3143253
3143269
3143361
3143366
3143426
3143531
3143631
3143684
3143714
3143862
3144045
3144122
3144460
3144494
3144548
3144899
3144905
3144927
3144945
3144947
3145024
3145061
3145388
3145424
3145561
3145612
3145842
3145883
3145970
3146488
3146807
3146863
3147100
3147125
3147128
3147212
3147326
3147560
3147655
3147787
3147859
3147936
3148059
3148183
3148431
3148440
3148547
3148641
3148846
3148923
3149677
3149809
3150029
3150264
3150381
3150650
3150892
3151306
3151405
3151495
3151818
3151851
3151870
3151998
3152082
3152112
3152503
3152627
3152836
3153875
3153904
3153959
3154137
3154151
3154290
3154493
3154606
3154609
3154758
3154807
3155049
3155085
3155099
3155191
3155347
3155531
3155565
3155792
3155826
3156198
3156574
3156587
3156917
3156959
3157103
3157177
3157268
3157272
3157417
3157704
3157972
3158115
3158281
3158384
3158421
3158789
3158921
3159044
3159260
3159282
3159471
3159642
3159729
3159904
3160017
3160413
3161821
3164506
3164558
3164563
3165005
3165382
3165821
3166007
3166095
3166259
3166866
3166891
3167065
3167301
3167341
3167459
3167777
3167847
3167961
3167979
3167994
3168223
3168465
3168711
3168729
3168769
3169040
3169231
3169289
3169462
3169538
3169579
3169681
3169961
3170285
3170393
3170478
3170655
3170996
3171277
3171419
3172134
3172276
3172330
3172476
3172675
3173023
3173198
3173388
3173393
3173402
3173504
3173642
3173668
3174099
3174142
3174607
3174644
3174690
3174705
3174749
3174828
3175247
3175322
3175468
3175511
3175580
3175599
3175646
3175780
3175835
3176045
3176113
3176194
3176286
3176396
3176409
3176704
3176815
3176837
3177048
3177065
3177117
3177365
3177380
3177388
3177522
3177569
3177609
3177675
3177874
3177887
3177934
3177980
3178045
3178191
3178603
3178920
3178925
3178976
3178981
3179037
3179285
3179339
3179599
3179630
3179651
3179719
3179853
3179878
3179913
3179937
3180031
3180052
3180181
3180198
3180231
3180319
3180399
3180423
3180615
3180616
3180645
3180647
3180723
3181021
3181038
3181055
3181416
3181419
3181835
3181871
3182007
3182619
3182629
3182694
3182739
3182805
3183113
3183264
3183280
3183406
3183532
3183670
3184036
3184106
3184206
3184243
3184421
3184635
3184907
3184909
3185396
3185680
3186172
3186174
3186309
3186721
3187000
3187254
3187292
3187421
3187439
3187519
3187648
3187887
3187922
3187935
3188030
3188241
3188367
3188444
3188520
3188767
3189116
3189166
3189297
3189346
3189347
3189360
3189371
3189492
3189509
3189589
3189673
3189708
3189850
3190256
3190296
3190662
3190727
3191053
3191213
3191236
3191316
3191330
3192018
3192101
3192112
3192124
3192152
3192672
3192806
3192922
3193033
3193407
3193506
3193633
3194095
3194135
3194160
3194431
3194435
3194512
3194684
3194780
3194843
3194939
3195106
3195120
3195221
3195434
3195893
3195959
3195991
3196250
3196411
3196704
3196720
3196978
3197075
3197094
3197333
3197353
3197409
3197671
3197839
3198229
3198262
3198270
3198421
3198516
3198528
3198591
3198725
3198904
3198905
3198950
3198998
3199033
3199426
3199648
3199685
3199687
3199714
3200054
3200087
3200112
3200229
3200343
3200352
3200438
3200518
3200660
3200745
3200810
3200906
3200937
3201026
3201600
3201658
3201667
3201762
3201777
3201828
3201911
3202224
3202231
3202586
3202695
3203570
3203612
3203623
3203627
3203660
3204021
3204227
3204315
3204369
3204513
3204703
3204704
3204752
3204762
3204937
3204987
3205044
3205095
3205316
3205363
3205392
3205499
3205617
3206032
3206238
3206483
3206708
3206857
3206957
3206993
3207101
3207191
3207448
3207513
3207533
3207647
3207682
3208155
3208272
3208433
3208485
3208504
3208620
3208690
3208691
3208998
3209009
3209172
3209185
3209197
3209212
3209264
3209648
3209708
3209775
3210009
3210078
3210211
3210564
3210807
3211158
3211242
3211448
3211496
3211610
3211995
3212009
3212110
3212454
3212456
3212511
3212594
3212793
3212821
3212840
3213203
3213588
3213635
3213641
3213702
3213728
3213780
3213802
3213964
3213996
3214025
3214131
3214233
3214293
3214482
3214580
3214835
3214863
3215090
3215255
3215575
3215686
3215764
3215981
3216059
3216148
3216393
3216420
3216523
3216669
3216750
3216859
3216924
3216995
3217024
3217139
3217175
3217584
3217595
3217636
3217759
3218268
3218314
3218370
3218405
3218408
3218551
3218814
3218918
3219037
3219296
3219310
3219345
3219457
3219614
3219688
3219779
3219817
3219990
3220147
3220205
3220231
3220296
3220441
3220494
3220782
3221021
3221149
3221189
3221276
3221393
3221449
3221719
3221772
3222167
3222250
3222256
3222328
3222338
3222362
3222401
3222564
3222730
3223062
3223091
3223137
3223220
3224242
3225045
3225209
3225311
3225338
3225381
3225637
3225896
3226183
3226189
3226303
3226337
3226440
3226565
3226743
3227133
3227252
3227610
3227732
3228081
3228629
3228774
3228988
3229179
3229548
3229569
3229602
3229627
3229628
3229754
3229800
3229977
3230213
3230216
3230316
3230331
3230337
3230539
3230683
3230719
3230729
3230997
3231030
3231095
3231097
3231234
3231526
3231555
3231798
3231929
3231966
3232035
3232338
3232441
3232800
3232958
3233016
3233066
3233087
3233192
3233223
3233426
3233455
3233525
3233592
3233665
3233784
3233946
3233976
3234011
3234043
3234167
3234466
3234591
3234752
3234797
3234813
3234889
3234986
3235067
3235200
3235210
3235357
3235456
3235457
3235619
3236008
3236390
3236462
3236731
3236756
3236918
3236942
3237049
3237058
3237197
3237205
3237305
3237416
3237469
3237652
3237779
3237808
3237843
3237925
3237998
3238169
3238250
3238324
3238420
3238476
3238694
3238724
3238883
3238925
3238994
3238998
3239012
3239159
3239337
3239424
3239452
3239633
3239744
3239891
3240005
3240050
3240168
3240204
3240296
3240478
3240795
3240837
3241007
3241386
3241439
3241470
3241507
3241654
3241763
3241852
3242513
3242517
3242556
3242637
3242900
3242906
3242997
3243242
3243392
3243526
3244062
3244577
3244651
3244990
3245163
3245588
3245987
3246246
3246302
3246317
3246326
3246419
3246618
3246650
3246932
3246997
3247102
3247268
3247523
3247788
3247814
3247866
3248081
3248116
3248553
3248645
3248759
3248804
3248903
3248944
3248947
3248965
3234818
3254125
3263402
3281250
3282811
3290280
3291740
3301841
3324041
3325462
3326090
3326828
3327937
3327948
3328149
3328174
3328472
3328605
3329062
3329302
3329315
3329342
3329453
3329638
3329765
3329801
3329893
3330596
3331031
3331106
3331486
3331988
3332024
3332044
3332128
3332317
3332376
568044
568045
2800665
2800798
2802166
2802598
3226853
3238751
3243714
3247562
3249477
3249497
3249783
3249817
3249860
3250061
3250242
3250491
3250501
3250669
3250687
3250740
3250898
3250917
3250931
3251023
3251188
3251309
3251354
3251509
3251608
3251713
3251959
3252284
3252352
3252377
3252462
3252597
3252880
3252977
3253006
3253118
3253143
3253410
3253464
3253482
3253537
3253557
3253606
3253622
3253663
3253831
3253886
3254207
3254343
3254354
3254418
3254421
3254457
3254485
3254858
3254864
3255080
3255087
3255116
3255311
3255398
3255401
3255412
3255418
3255530
3255547
3256046
3256053
3256179
3256207
3256262
3256345
3256346
3256365
3256561
3256622
3256657
3256816
3257058
3257155
3257215
3257506
3257727
3257732
3257800
3257866
3257969
3257973
3258022
3258090
3258268
3258352
3258461
3258618
3258656
3258733
3258758
3259092
3259209
3259231
3259479
3259525
3259707
3260060
3260134
3260238
3260310
3260441
3260513
3260533
3260595
3260817
3261010
3261073
3261119
3261160
3261172
3261447
3261465
3261510
3261688
3261950
3262000
3262127
3262129
3262180
3262189
3262311
3262640
3262853
3263159
3263161
3263196
3263340
3263395
3263521
3263554
3263609
3263659
3263697
3263845
3263873
3263876
3263893
3263994
3264407
3264634
3264639
3264641
3264780
3264902
3265040
3265151
3265159
3265188
3265458
3265724
3265746
3265930
3265993
3265997
3266086
3266186
3266676
3267096
3267115
3267185
3267205
3267220
3267312
3267419
3267463
3267668
3267970
3268003
3268505
3268565
3268571
3268838
3268890
3269065
3269232
3269278
3269479
3269512
3269754
3270045
3270127
3270476
3270529
3270679
3270680
3270723
3270729
3270817
3270874
3270904
3270967
3271063
3271081
3271085
3271093
3271108
3271318
3271450
3271470
3271516
3271574
3271630
3271636
3271668
3271782
3271990
3272070
3272164
3272380
3272517
3272601
3272798
3272801
3272810
3273158
3273350
3273368
3273466
3273547
3273579
3273648
3273650
3273783
3273973
3274141
3274143
3274296
3274354
3274433
3274504
3274554
3274610
3274635
3274730
3275081
3275290
3275376
3275426
3275451
3275473
3275566
3275609
3275863
3275872
3275904
3275927
3276018
3276074
3276168
3276182
3276202
3276229
3276351
3276437
3276513
3276526
3276820
3276917
3277010
3277121
3277296
3277441
3277474
3277631
3277689
3277750
3277787
3277983
3278065
3278112
3278269
3278414
3278446
3278499
3278502
3278552
3278656
3278746
3278839
3278920
3279009
3279083
3279213
3279244
3279253
3279284
3279311
3279317
3279471
3279728
3279829
3279851
3279866
3279955
3280151
3280179
3280184
3280190
3280379
3280458
3280706
3280816
3280961
3281001
3281063
3281143
3281224
3281243
3281513
3281528
3281542
3281556
3281562
3281619
3281661
3281675
3281733
3281739
3281812
3281920
3281922
3282118
3282172
3282610
3282636
3282664
3282674
3282676
3282711
3282721
3283003
3283139
3283427
3283438
3283544
3283577
3283586
3283621
3283622
3283967
3283972
3284066
3284067
3284153
3284181
3284473
3284537
3284548
3284648
3284683
3284752
3284853
3285023
3285500
3285559
3285772
3285951
3286025
3286194
3286216
3286326
3286449
3286540
3286544
3286560
3286600
3286618
3286620
3286631
3286713
3286873
3286924
3287009
3287240
3287365
3287410
3287602
3287807
3287818
3287839
3288099
3288185
3288198
3288204
3288694
3289147
3289165
3289190
3289528
3289616
3289635
3289643
3289691
3289921
3290058
3290103
3290219
3290302
3290376
3290587
3291039
3291041
3291419
3291673
3291699
3291720
3291817
3291872
3292006
3292108
3292323
3292356
3292445
3292516
3292762
3292888
3292961
3293036
3293059
3293153
3293281
3293549
3293701
3293722
3293928
3293941
3294027
3294049
3294176
3294271
3294285
3294286
3294341
3294343
3294763
3294975
3295009
3295129
3295190
3295259
3295325
3295632
3295905
3295993
3295994
3296207
3296395
3296463
3296471
3296512
3296549
3296612
3296618
3296700
3296741
3296783
3296798
3297049
3297195
3297241
3297281
3297329
3297353
3297433
3297539
3297682
3297785
3298296
3298344
3298352
3298415
3298480
3298638
3298732
3298787
3298831
3299020
3299178
3299368
3299374
3299397
3299414
3299653
3299768
3299936
3299999
3300135
3300379
3300428
3300452
3300572
3300664
3300779
3300795
3300849
3300886
3301031
3301060
3301275
3301347
3301420
3301449
3301493
3301498
3301605
3301614
3301709
3301801
3301835
3301846
3302061
3302366
3302418
3302469
3302497
3302505
3302539
3302717
3302721
3302869
3302916
3302944
3302988
3302989
3302996
3303003
3303177
3303208
3303255
3303268
3303423
3303445
3303669
3303777
3303857
3303896
3304081
3304205
3304215
3304286
3304343
3304392
3304421
3304721
3305167
3305173
3305377
3305670
3305749
3305899
3305986
3306040
3306066
3306143
3306169
3306247
3306336
3306477
3306552
3306558
3306650
3306700
3306793
3306802
3306902
3306939
3307266
3307328
3307636
3307882
3307999
3308039
3308098
3308324
3308366
3308431
3308530
3308621
3308629
3308635
3308856
3309075
3309104
3309243
3309322
3309436
3309589
3309590
3309651
3309726
3309896
3309901
3310116
3310171
3310240
3310270
3310402
3310431
3310505
3310738
3310810
3310814
3310895
3310949
3310983
3311017
3311055
3311129
3311318
3311661
3311709
3311915
3312168
3312695
3312704
3312850
3312854
3312962
3312971
3313120
3313144
3313171
3313185
3313201
3313277
3313313
3313328
3313503
3313537
3313696
3313834
3314370
3314380
3314404
3314407
3314520
3314555
3314651
3314865
3314900
3315291
3315439
3315694
3315740
3315807
3315855
3315859
3316057
3316159
3316296
3316472
3316746
3317038
3317351
3317385
3317529
3317982
3318040
3318118
3318153
3318267
3318409
3318434
3318531
3318564
3318628
3318834
3319411
3319474
3319722
3319743
3319775
3319985
3319990
3320050
3320096
3320211
3320241
3320245
3320341
3320464
3320489
3320579
3320605
3320683
3321325
3321773
3321907
3321981
3322162
3322195
3322208
3322254
3322555
3322692
3322868
3322879
3322886
3322968
3323044
3323373
3323751
3323761
3323956
3324341
3324679
3324749
3324957
3325126
3325144
3325187
3325199
3325243
3325301
3325394
3325439
3325452
3325472
3325740
3325812
3325819
3325975
3326059
3326293
3326306
3326414
3326416
3326619
3326631
3326776
3326807
3326876
3327138
3327377
3327420
3327429
3327452
3327521
3327556
3327602
3327607
3332464
3332640
3332743
3332749
3332829
3333003
3333022
3333321
3333490
3333640
3333661
3333692
3333751
3334120
3334220
3334252
3334292
3334507
3334632
3334690
3334724
3334910
3334913
3334935
3334965
3335084
3335148
3335278
3335307
3335361
3335503
3335798
3335912
3336116
3336147
3336570
3336586
3336749
3336755
3336943
3337002
3337035
3337037
3337074
3337117
3337376
3337526
3337542
3337575
3337629
3337645
3337746
3337843
3337889
3337988
3338081
3338087
3338106
3338471
3338475
3338504
3338548
3338555
3338923
3339003
3339013
3339201
3339230
3339409
3339462
3339485
3339498
3339564
3339606
3339612
3339769
3339872
3339897
3340145
3340187
3340222
3340312
3340317
3340333
3340462
3340518
3340632
3340732
3340737
3341138
3341168
3341223
3341238
3341306
3341309
3341483
3341616
3341697
3342001
3342040
3342259
3342428
3342531
3342591
3342751
3342839
3342894
3342904
3343252
3343399
3343517
3343553
3343567
3343594
3343719
3343739
3343791
3343861
3344031
3344072
3344191
3344246
3344714
3344849
3344893
3344899
3344939
3345044
3345145
3345611
3345712
3345749
3346170
3346175
3346198
3346371
3346375
3346376
3346389
3346599
3346836
3346938
3347332
3347631
3347706
3347730
3347736
3348051
3348055
3348122
3348155
3348156
3348272
3348278
3348395
3348483
3348644
3348805
3348829
3348868
3348962
3349066
3349086
3349137
3349188
3349237
3349239
3349301
3349303
3349444
3349593
3349631
3349635
3349830
3349921
3350003
3350067
3350256
3350373
3350626
3350660
3350691
3350811
3350820
3350969
3351015
3351497
3351545
3351570
3351936
3351959
3352117
3352217
3352234
3352299
3352322
3352446
3352636
3352697
3352717
3352856
3352986
3353165
3353672
3353899
3353911
3353951
3354004
3354071
3354136
3354187
3354479
3354588
3354691
3355092
3355156
3355157
3355298
3355341
3355345
3355406
3355595
3355620
3355631
3355719
3355727
3355749
3355901
3355961
3355992
3356006
3356085
3356185
3356410
3356457
3356732
3356811
3356937
3357254
3357425
3357485
3357545
3357583
3357617
3357963
3358084
3358117
3358184
3358339
3358362
3358413
3358431
3358474
3358522
3358595
3358716
3358750
3358840
3358858
3359124
3359135
3359221
3359427
3359571
3359736
3359807
3359901
3360158
3360186
3360259
3360271
3360304
3360334
3360342
3360528
3360629
3360695
3360702
3360808
3360809
3360844
3360992
3361066
3361386
3361388
3361420
3361442
3361481
3361487
3361889
3361914
3361921
3362204
3362282
3362334
3362455
3362610
3362783
3362796
3362934
3362967
3363317
3363363
3363388
3363398
3363506
3363624
3363748
3363763
3363904
3363928
3363988
3364055
3364706
3364729
3365014
3365060
3365074
3365153
3365213
3365324
3365495
3365766
3365767
3365878
3366328
3366338
3366356
3366635
3366654
3366665
3367192
3367244
3367332
3367349
3367460
3367487
3367518
3367602
3367861
3367956
3368136
3368349
3368409
3368451
3368665
3368810
3368823
3368898
3369018
3369400
3369401
3369444
3369542
3369650
3369864
3369900
3369991
3370022
3370168
3370306
3370475
3370498
3370669
3370775
3370778
3370861
3370897
3371151
3371222
3371231
3371255
3371397
3371433
3371981
3372073
3372239
3372246
3372366
3372411
3372581
3372711
3372846
3373029
3373059
3373565
3373835
3373859
3373927
3373970
3374150
3374271
3374556
3374694
3374703
3374707
3374717
3374846
3374860
3375026
3375074
3375139
3375172
3375295
3375325
3375353
3375462
3375477
3375542
3375543
3375584
3375590
3375599
3375615
3375629
3375739
3375790
3375825
3375933
3375974
3376190
3376304
3376595
3376775
3376961
3376984
3377172
3377404
3377424
3377446
3377449
3377456
3377703
3377887
3377970
3378086
3378166
3378221
3378523
3378557
3378738
3378750
3378808
3378959
3378962
3379113
3379121
3379367
3379458
3379759
3380125
3380230
3380266
3380391
3380449
3380535
3381365
3381548
3381632
3381682
3381911
3382044
3382149
3382174
3382351
3382703
3382725
3382762
3382773
3382951
3383041
3383134
3383333
3383624
3383912
3384180
3384255
3384288
3384305
3384411
3384475
3384970
3385101
3385119
3385205
3385245
3385265
3385355
3385374
3385381
3385733
3385739
3385810
3385864
3385989
3386061
3386148
3386199
3386324
3386387
3386422
3386441
3386475
3386476
3386881
3386960
3386983
3387230
3387234
3387240
3387255
3387348
3387515
3387752
3387806
3387820
3388042
3388225
3388304
3388330
3388355
3388395
3388553
3388571
3388598
3388693
3388722
3388806
3388841
3388917
3388985
3389392
3389562
3389695
3389757
3389787
3389817
3389827
3389948
3389990
3390170
3390174
3390366
3390468
3390513
3390533
3390570
3390863
3390945
3391059
3391089
3391298
3391421
3391556
3391620
3391636
3391841
3391842
3392145
3392186
3392284
3392300
3392451
3392471
3392657
3392662
3392686
3392871
3393210
3393335
3393491
3393521
3393706
3393772
3393798
3393807
3394176
3394279
3394522
3394672
3395213
3395820
3395878
3396022
3396095
3396213
3396685
3397240
3397272
3397375
3397379
3397616
3397751
3398005
3398308
3398420
3398429
3398610
3398622
3398634
3398640
3398715
3399004
3399141
3399172
3399328
3399486
3399624
3399688
3399773
3399858
3399892
3400117
3400149
3400374
3400473
3400537
3400585
3400910
3400951
3400955
3401155
3401190
3401499
3401682
3401770
3401817
3401847
3402126
3402281
3402427
3402552
3402578
3402580
3402610
3402645
3402664
3402848
3402895
3403140
3403175
3403502
3403532
3403594
3403735
3403848
3403966
3404008
3404048
3404143
3404160
3404182
3404270
3404299
3404402
3404415
3404435
3404561
3404772
3404854
3404936
3405007
3405082
3405118
3405273
3405283
3405378
3405419
3405462
3405520
3405549
3405647
3405768
3405801
3405831
3405863
3405864
3405867
3405901
3405908
3405934
3405938
3405985
3406061
3406095
3406127
3406283
3406797
3406846
3406962
3407260
3407314
3407415
3407495
3407497
3407502
3407632
3407655
3407791
3407877
3407933
3408049
3408399
3408543
3408588
3408719
3408808
3408904
3408998
3409240
3409374
3409446
3409709
3409746
3409772
3409980
3410058
3410274
3410455
3410523
3410584
3410667
3410832
3411017
3411073
3411087
3411165
3411230
3411500
3411555
3411643
3411756
3411758
3411962
3411972
3411983
3412122
3412139
3412311
3412381
3412508
3412541
3412647
3412783
3412808
3412894
3413138
3413160
3413180
3413321
3413359
3413541
3413542
3413685
3413749
3413786
3414007
3414098
3414274
3414338
3414440
3414545
3414572
3414677
3414806
3414846
3415014
3415129
3415307
3415338
3415633
3415663
3415726
3415747
3415763
3415807
3415957
3416018
3423156
3433656
3435276
3437483
3453613
3453861
3464075
3502430
3502593
3502618
3502650
3502662
3502680
3502681
3502738
3502808
3502829
3502995
3503172
3503182
3503376
3503425
3503448
3503495
3503512
3503693
3503797
3503829
3503843
3503881
3503920
3503977
3504174
3504438
3504447
3504465
3504661
3504953
3505028
3505155
3505175
3505258
3505308
3505366
3505396
3505529
3505537
3505568
3505599
3505941
3506081
3506208
3506327
3506410
3506429
3506478
3506522
3506540
3506615
3506868
3506904
3507081
3507128
3507166
3507280
3507331
3507338
3507412
3507494
3507598
3507699
3507706
3508116
3508301
3508307
3508326
3508342
3508372
3508408
3508449
3508559
3508648
3508785
3508917
3508998
3509105
3509175
3509230
3509348
3509457
3509523
3509559
3406378
3408709
3411658
3412318
3413418
3416046
3416080
3416116
3416140
3416430
3416452
3416479
3416629
3416713
3416813
3417275
3417284
3417454
3417727
3417837
3417936
3418090
3418232
3418317
3418406
3418688
3418776
3418955
3419003
3419116
3419304
3419395
3419425
3419486
3419534
3419769
3419925
3419976
3420149
3420538
3420542
3420616
3420622
3420857
3420970
3420988
3421091
3421156
3421309
3421482
3421503
3421525
3421529
3421575
3421689
3421871
3421972
3422000
3422411
3422785
3422966
3423013
3423071
3423216
3423423
3423479
3423490
3423572
3423701
3423744
3423763
3423837
3423884
3423921
3423943
3423979
3424004
3424259
3424326
3424398
3424485
3424504
3424559
3424781
3424810
3424839
3425092
3425154
3425205
3425414
3425474
3425532
3425548
3425698
3425704
3425744
3425853
3425858
3426019
3426028
3426072
3426111
3426197
3426203
3426565
3426575
3426654
3426785
3426870
3426968
3426975
3426992
3427053
3427125
3427189
3427206
3427244
3427343
3427471
3427569
3427591
3427701
3427703
3427737
3427838
3428038
3428039
3428211
3428350
3428415
3428639
3428675
3428855
3428988
3429149
3429197
3429336
3429441
3429470
3429522
3429655
3429926
3430025
3430147
3430348
3430354
3430388
3430475
3430513
3430612
3430682
3430825
3430844
3430845
3430900
3431057
3431222
3431341
3431465
3431466
3431588
3431634
3431738
3431820
3432077
3432095
3432435
3432639
3432734
3432798
3432829
3432866
3432881
3432911
3432985
3433109
3433150
3433318
3433381
3433414
3433440
3433591
3433733
3433822
3433835
3434035
3434039
3434241
3434345
3434394
3434399
3434458
3434594
3434776
3434859
3434930
3434943
3435045
3435103
3435170
3435188
3435388
3435490
3435518
3435780
3435804
3435816
3435922
3435966
3436027
3436112
3436180
3436256
3436318
3436369
3436500
3436611
3436769
3436775
3436919
3436923
3437182
3437211
3437325
3437346
3437375
3437377
3437415
3437497
3437556
3437597
3437637
3437654
3437707
3437862
3438122
3438167
3438169
3438202
3438261
3438316
3438376
3438490
3439103
3439226
3439263
3439479
3439491
3439509
3439553
3439731
3439856
3440003
3440015
3440177
3440194
3440240
3440348
3440526
3440589
3440599
3440665
3440753
3440757
3440908
3440964
3440996
3441010
3441125
3441175
3441214
3441564
3441789
3441879
3441952
3442200
3442284
3442315
3442317
3442428
3442577
3442694
3442719
3442727
3442962
3442972
3443038
3443246
3443370
3443393
3443866
3443931
3443943
3444056
3444349
3444538
3444590
3444634
3444777
3445158
3445279
3445417
3445599
3445699
3445710
3445729
3445766
3445882
3445984
3445990
3446028
3446247
3446489
3446885
3446973
3447261
3447287
3447409
3447493
3447666
3447703
3447767
3447895
3448052
3448067
3448075
3448175
3448186
3448337
3448767
3448791
3448982
3449029
3449044
3449046
3449212
3449304
3449333
3449469
3449942
3450124
3450288
3450410
3450583
3450586
3450650
3450685
3450785
3450806
3450812
3450862
3450934
3451124
3451235
3451511
3451571
3451606
3451623
3451644
3451851
3451987
3452047
3452330
3452746
3452756
3452965
3453050
3453071
3453116
3453212
3453236
3453245
3453345
3453373
3453648
3453785
3453790
3453886
3453945
3454110
3454272
3454386
3454540
3454581
3454615
3454710
3454734
3454858
3454874
3455055
3455101
3455128
3455281
3455333
3455544
3455715
3455756
3455793
3455808
3455919
3455949
3455961
3455968
3456227
3456410
3456460
3456480
3456600
3456669
3456762
3456768
3456819
3456983
3457013
3457042
3457086
3457099
3457189
3457192
3457623
3457906
3458105
3458257
3458289
3458369
3458390
3458860
3458877
3459071
3459155
3459198
3459298
3459316
3459349
3459474
3459576
3459637
3459657
3459772
3459839
3460167
3460834
3460849
3460883
3460916
3460954
3461000
3461206
3461221
3461346
3461517
3461754
3461876
3462066
3462160
3462264
3462290
3462317
3462377
3462394
3462414
3462455
3462462
3462603
3462781
3462831
3462992
3463005
3463018
3463085
3463180
3463241
3463260
3463377
3463527
3463572
3463605
3463685
3463787
3463866
3463904
3463922
3463975
3464034
3464221
3464408
3464504
3464520
3464696
3464769
3464786
3464873
3464977
3465077
3465203
3465330
3465334
3465372
3465654
3465747
3465815
3465869
3465906
3465924
3466145
3466166
3466215
3466299
3466370
3466456
3466655
3466665
3466758
3466824
3466889
3466921
3467120
3467270
3467667
3467686
3468083
3468412
3468423
3468438
3468456
3468476
3468610
3468622
3468667
3468808
3468821
3468889
3468943
3469074
3469111
3469198
3469312
3469345
3469409
3469420
3469732
3469746
3469842
3469930
3470083
3470095
3470137
3470193
3470240
3470290
3470355
3470393
3470399
3470431
3470519
3470574
3470815
3470920
3471179
3471278
3471344
3471399
3471472
3471569
3471700
3471991
3472087
3472368
3472372
3472419
3472438
3472541
3472581
3472705
3472786
3472832
3472857
3472874
3472886
3472899
3472909
3472951
3472989
3472992
3473051
3473121
3473149
3473334
3473481
3473483
3473608
3473737
3473813
3474178
3474584
3474704
3474893
3474954
3474989
3475109
3475189
3475234
3475346
3475361
3475538
3475540
3475580
3475601
3475614
3475617
3475645
3475673
3475779
3475895
3475938
3475944
3476049
3476188
3476276
3476328
3476420
3476426
3476429
3476516
3476556
3476612
3476794
3476852
3476863
3477089
3477102
3477112
3477136
3477154
3477256
3477262
3477272
3477404
3477436
3477477
3477488
3477532
3477841
3477968
3478010
3478284
3478343
3478472
3478482
3478591
3478664
3478772
3479080
3479122
3479141
3479144
3479281
3479342
3479427
3479482
3479654
3479661
3479784
3479859
3479963
3480038
3480362
3480388
3480707
3480711
3480765
3480835
3480985
3481026
3481134
3481138
3481154
3481160
3481242
3481313
3481380
3481749
3481760
3481772
3481789
3481812
3481828
3482034
3482206
3482306
3482367
3482482
3482488
3482586
3482655
3482923
3482972
3483269
3483395
3483592
3483695
3483841
3483933
3484095
3484101
3484151
3484198
3484230
3484411
3484538
3484762
3484867
3484923
3485135
3485289
3485355
3485456
3485564
3485674
3485834
3485871
3485889
3485905
3485934
3485987
3486088
3486113
3486180
3486203
3486227
3486245
3486273
3486277
3486396
3486479
3486563
3486656
3486782
3486811
3486913
3486979
3486989
3487008
3487016
3487159
3487326
3487349
3487362
3487533
3487623
3487782
3487881
3487900
3487960
3488163
3488192
3488213
3488466
3488506
3488690
3489189
3489364
3489383
3489443
3489451
3489514
3489526
3489543
3489697
3489700
3489807
3489866
3489871
3490226
3490296
3490552
3490635
3490764
3490933
3490977
3491103
3491159
3491222
3491439
3491569
3491586
3491641
3491722
3491731
3491856
3491888
3492262
3492321
3492405
3492463
3492824
3492923
3493009
3493144
3493467
3493560
3493719
3493749
3493759
3493819
3493851
3493867
3493890
3493947
3493957
3494034
3494138
3494158
3494397
3494478
3494572
3494771
3494801
3494857
3494922
3494924
3494984
3495036
3495079
3495145
3495146
3495170
3495212
3495433
3495457
3495490
3495504
3495513
3495527
3495565
3495569
3495939
3496013
3496029
3496051
3496091
3496114
3496155
3496201
3496235
3496392
3496595
3496621
3496732
3496814
3496907
3496912
3497223
3497296
3497353
3497367
3497372
3497447
3497508
3497623
3497641
3497681
3497723
3497767
3497782
3497894
3497978
3498062
3498214
3498255
3498256
3498296
3498401
3498407
3498428
3498435
3498684
3498877
3498963
3499008
3499307
3499371
3499491
3499610
3499644
3499695
3499712
3499811
3499831
3499937
3500028
3500035
3500042
3500098
3500113
3500120
3500197
3500205
3500373
3500391
3500417
3500643
3500739
3500873
3500922
3501091
3501327
3501452
3501525
3501607
3501819
3501833
3502210
3538096
3553010
3554215
3495218
3507339
3507458
3508214
3509653
3509831
3509877
3509920
3510272
3510345
3510374
3510498
3510501
3510878
3511090
3511221
3511247
3511294
3511304
3511412
3511519
3511579
3511599
3511769
3511811
3511822
3512007
3512076
3512315
3512358
3512378
3512386
3512490
3512708
3512758
3512907
3512934
3512988
3513058
3513138
3513157
3513330
3513374
3513679
3513728
3513759
3513862
3513900
3513926
3513948
3514287
3514471
3514521
3514562
3514580
3514721
3514787
3514892
3514903
3514942
3515084
3515097
3515157
3515187
3515343
3515487
3515624
3515679
3515760
3515847
3515974
3516027
3516080
3516136
3516240
3516294
3516316
3516679
3516683
3516690
3516751
3516817
3516861
3516928
3516970
3516987
3517041
3517042
3517138
3517174
3517289
3517294
3517389
3517430
3517483
3517503
3517577
3517746
3517774
3517902
3517903
3517937
3517953
3517958
3518050
3518060
3518068
3518228
3518263
3518278
3518307
3518380
3518433
3518514
3518566
3518724
3518880
3518895
3518924
3519149
3519330
3519376
3519394
3519443
3519461
3519613
3519984
3520043
3520102
3520159
3520195
3520219
3520436
3520449
3520471
3520663
3520786
3520802
3520859
3521186
3521310
3521345
3521514
3521574
3521584
3521601
3521603
3521607
3521619
3521669
3521859
3521996
3522072
3522211
3522274
3522326
3522379
3522493
3522533
3522553
3522685
3522789
3522800
3522964
3523112
3523117
3523200
3523227
3523235
3523361
3523405
3523622
3523626
3523679
3523684
3523744
3523852
3523872
3523996
3524039
3524108
3524175
3524281
3524314
3524364
3524466
3524469
3524547
3524723
3524830
3525005
3525116
3525181
3525239
3525452
3525802
3526071
3526081
3526207
3526286
3526334
3526570
3526615
3526855
3527005
3527019
3527306
3527317
3527359
3527502
3527740
3527749
3527883
3527906
3527918
3528018
3528038
3528045
3528190
3528215
3528244
3528337
3528345
3528412
3528479
3528491
3528507
3528517
3528577
3528582
3528589
3528609
3528632
3528674
3528701
3528747
3528853
3528883
3528971
3529023
3529030
3529046
3529050
3529138
3529296
3529380
3529438
3529498
3529518
3529670
3529751
3529756
3529956
3530058
3530085
3530095
3530249
3530531
3530614
3530622
3530762
3530811
3530855
3530960
3530989
3531386
3531398
3531710
3531732
3531845
3531878
3531945
3531955
3532075
3532187
3532288
3532315
3532556
3533092
3533098
3533151
3533219
3533419
3533553
3533562
3533678
3533720
3533737
3533884
3533909
3533995
3534198
3534227
3534328
3534343
3534376
3534483
3534490
3534592
3534616
3534704
3534731
3534748
3534816
3534885
3534934
3534970
3535052
3535053
3535070
3535116
3535123
3535147
3535231
3535273
3535276
3535437
3535527
3535649
3535704
3535801
3535884
3535912
3536083
3536125
3536130
3536133
3536225
3536332
3536400
3536455
3536500
3536530
3536605
3536656
3536700
3536873
3536890
3537059
3537207
3537321
3537365
3537909
3537927
3537943
3538016
3538136
3538146
3538407
3538417
3538507
3538539
3538839
3538865
3539003
3539227
3539303
3539307
3539458
3539460
3539483
3539523
3539551
3539649
3539655
3539728
3539830
3539842
3539903
3540020
3540024
3540052
3540055
3540154
3540171
3540220
3540242
3540314
3540461
3540462
3540476
3540493
3540543
3541064
3541166
3541213
3541281
3541362
3541367
3541474
3541540
3541558
3541802
3542089
3542109
3542266
3542384
3542412
3542527
3542646
3542650
3542651
3542719
3542742
3542841
3543100
3543161
3543271
3543337
3543394
3543418
3543424
3543559
3543621
3543650
3543674
3543765
3543909
3543987
3544119
3544246
3544377
3544626
3544636
3544647
3544657
3544682
3544818
3544844
3544882
3544951
3544969
3544985
3545005
3545016
3545021
3545373
3545477
3545491
3545572
3545664
3545689
3545759
3545770
3545782
3545786
3545942
3546147
3546267
3546320
3546332
3546489
3546527
3546610
3546675
3546841
3546889
3546900
3547174
3547207
3547254
3547346
3547423
3547431
3547527
3547538
3547546
3547633
3547984
3548144
3548200
3548224
3548358
3548612
3548878
3548919
3549013
3549094
3549180
3549377
3549430
3549997
3549998
3550008
3550020
3550263
3550336
3550449
3550453
3550740
3550794
3550964
3550984
3551211
3551253
3551351
3551492
3551514
3551680
3551704
3551803
3551850
3552042
3552114
3552150
3552156
3552440
3552472
3552771
3552799
3552948
3552997
3553060
3553137
3553261
3553308
3553536
3553618
3554023
3554068
3554101
3554224
3554249
3554306
3554721
3554980
3555016
3555128
3555303
3555433
3555473
3555502
3555908
3555942
3556009
3556064
3556189
3556208
3556302
3556366
3556475
3556485
3556603
3556670
3556680
3556687
3556873
3557053
3557063
3557412
3557508
3557593
3557639
3557679
3579849
3589717
3632942
3634473
3731114
3733075
3744152
3744218
3771814
3766562
3777348
3797691
3808908
569838
3859336
3868492
3957133
3977644
4002099
4036839
4037285
4025032
4030687
4037606
4058410
4066183
4076870
4087704
2868399
3000567
4098547
4111199
4112036
4139744
4154498
4205277
4247768
4296288
4303495
4329021
4329956
2445417
4346520
4351768
4368260
4377458
4384291
4406606
4407149
4414917
4421068
4427228
4434927
4452460
4460632
4460810
4470930
4490725
2937451
4504017
4511100
188520
569381
2663749
2747656
3173761
3332422
3333550
3346053
3393448
3494027
4521543
2486805
2672948
3168622
3197224
3446314
3551699
4527682
4528978
4532975
4535503
4538744
4567843
2443573
2813264
2877781
3121912
3176871
3439703
3442887
4539085
4729829
4815478
4831273
4853157
4897821
2390546
2745851
2779088
3038203
3164171
3169114
3176258
3531780
900941
2136280
2762140
2957221
3041553
2924151
3092854
3218712
4599678
4605116
4606427
4618857
4620985
2465402
2181060
3010942
3227764
174862
2098760
2177403
2395215
2525293
2547691
2661650
2721625
2935365
2976938
3221910
3259703
3264591
3276559
3307815
3309044
3332471
3378700
3428087
3448605
3458468
3467984
3483480
3549970
4570324
4676071
4682653
4570809
4692650
4692884
4956152
5001766
5010549
5017839
5021856
5032969
4573890
5038689
4575134
4575893
4577924
4579037
4580324
3073932
5221569
3015366
