4354256
3829389
4585370
3872859
5016706
4049611
4445388
3603927
4415458
3583157
3739790
3871915
4426452
4059277
4160946
4666301
4782209
4282203
4191068
4694308
3772807
4455869
4219538
3674786
4743266
4325600
4879813
4603592
4692869
3796451
3818833
4470429
5021768
4660994
4330660
4378068
4714199
4441061
4226643
3965619
5026709
4227233
4431583
4184547
3801458
4444119
5045458
5018820
4157825
4499775
4752075
5030603
3817100
4972388
3777509
4895864
3673906
4288665
4455853
3933603
4692376
4396594
4741741
4685144
4374294
4655137
3881217
5073752
4331479
4763329
4693610
3726018
4080566
3870192
4560858
4519217
3928239
4261082
4587157
4056204
5027294
3722772
5014607
3807364
4610398
4597370
3625338
4191755
4560321
4410772
4145504
4638609
5076604
3675510
4519559
4158004
4667676
4370536
4407050
4632162
4804611
4044565
4185522
4437461
4861639
4248499
4140492
5017230
4043910
4469586
4448958
4803748
3923779
4626352
3614647
4400449
4668763
4922915
3959282
4132266
4645758
4346800
4968770
4686235
4394473
4815288
4343059
4232372
4336971
4154674
3876216
3726433
4469271
4448652
4851627
4595335
4645016
3687815
4656167
4921757
4626570
3864201
3946131
4304198
4388743
4227131
4479066
4007086
3717772
4268450
3989993
4411082
4234596
4953063
4477297
4205726
4709045
4608888
4691263
3824825
4066348
4364246
3625573
3964859
4182341
4135656
4006676
5220642
4048339
4614450
4477851
3614888
4295088
4002567
4051641
4403573
4281193
4517255
4617508
3919554
4008622
4431597
4059655
4147134
4586553
4459090
3911930
4607147
4331451
4905321
4113645
4308025
4415537
4350096
4225369
4273476
4056016
4001168
4250684
4105376
4369491
4410285
4493575
4637608
3788995
4008892
4269095
3601298
4579523
4970125
4119337
3930241
4178236
5016208
4292707
4597747
4577784
3852690
4375174
4444219
4850740
4691710
4645883
4464836
4298255
4084411
4111478
3623004
4020784
3790492
4463805
4204581
4684986
3580566
4839601
4430428
4590906
4145631
4616339
4426071
3581799
4550688
4374487
4443692
4361165
4425387
4787141
4597340
3940646
4127440
4779429
3705147
3920001
3568935
4831633
4748629
3793576
5221694
3663412
4507076
3995285
4648576
3929699
4332203
4825929
5007080
3712515
4278376
4407059
4373947
3780394
4662092
3894977
4722254
4563982
5009398
4366486
3976667
4658412
4661186
4446353
4656966
4330618
4212418
4583704
4691879
4661136
4251884
3847020
4246871
4453529
4664777
4851483
4487824
4408151
4858233
4682246
4166326
3802925
3979339
4264796
4493788
3770760
4128546
3608934
4290723
4600212
3727577
4572177
3610954
3623250
4411499
4282853
4617759
4092919
3855806
3644366
4281527
4437234
4411839
3583966
3573624
4210262
5073898
4084231
4826707
4630995
4387832
4413604
4403164
4409043
4495817
4406919
3919846
4551841
4288539
4623159
3837565
4631945
4657665
4632749
4625844
4350750
5003607
3843740
3690212
4649716
4456733
4765247
3902877
3928108
4486550
4131301
4646656
4546679
3799547
3870445
4469744
3934297
4834185
4615127
4715380
4460045
4680407
3654497
4024070
5026964
4577377
4601104
3696055
4324612
4224775
5013018
4461000
4221637
3694938
3693184
3991730
3629483
4622059
4351068
4448499
4530225
5069775
4067502
4622389
4086723
4446681
4033430
3961505
4639031
4613471
4698039
4398701
3579038
4300012
5072878
4569388
4966297
4464855
3817812
3709244
3973561
4225169
3728009
4659639
4163014
3785775
4527117
4454616
4724801
4133021
4124210
4125468
4630145
4621306
4524883
4586444
3942250
4599963
4032347
4480755
5023712
4307472
4968879
4823331
3952032
4203435
3937751
4907456
4117453
3928414
3903956
3868236
4694273
4308224
3865053
4630391
4499298
4405404
4440282
4775069
4305969
5065291
4779713
3883388
3875633
4450976
4380427
4607698
3885446
4560226
3607043
4418422
4164889
3998427
4120392
4477456
3727485
4561309
4626498
4050856
4896944
4964281
4148644
4412017
4234191
4532861
5036954
4577382
3667621
4854435
3865418
4845138
4796210
4591344
5019083
3719940
3618338
4455357
3589064
4153631
5016120
4412078
4587856
4644469
4962284
5073100
4110627
4896399
4447238
4247406
4492465
5011629
4683182
4850138
4531715
4085530
4747617
4495759
4349787
3768883
3606427
4111372
4656204
4639323
4426592
3799081
5058591
4143331
4376507
3777480
4497983
4877384
3764065
4602021
4101211
4629904
4385455
3977254
4579165
3661365
3739802
3736024
4477230
3732130
5040647
4787861
4645199
4160353
4141607
4062747
4662656
4755129
3989949
3825394
4367406
4018935
3678161
3686747
4656566
4407511
3681164
3929628
4721153
5037495
4653406
3954961
4401727
4158554
4614839
4389993
5069259
4806111
4261073
4270724
4221667
4564378
4538350
4696161
4581755
4081701
4358069
3765077
4445649
4215568
4878596
4022288
4893639
4693652
4614506
4410280
3798114
4374696
4508374
4613848
3875767
4285193
4667046
4210646
4775813
4595939
4718045
4018573
4242940
4517964
3603313
4352063
4685789
4548726
4653680
4543760
5002061
4493072
4472285
3634355
4027278
4366877
4069652
4631719
4143912
4545627
4189626
4676263
4639526
4915856
4692994
4420245
3934810
4697043
4105579
5029591
4123909
4201256
3580529
3934752
5056815
4374651
4642485
4021466
3599175
4304770
4440095
4572133
3770726
3647204
4112937
4908810
4725966
4469358
5016570
4921239
3770172
4195238
3712455
4369191
4632698
4378101
4327531
4669957
5023427
4643113
4910216
4602586
3817342
3768211
5016477
3690135
4022092
4637246
4742475
4031892
3669321
4714484
4205056
3594063
5067752
4901307
3990299
3613848
4029459
4531609
4291826
3629878
4259640
5002524
4267516
4420839
4449002
4379414
4181523
4661889
3625327
4077106
4789843
4914235
4877130
4421390
4154389
4422198
3970106
4881192
5071226
4103517
5036811
4639482
3615993
3779887
3635086
4364725
3594267
4395432
3705042
4476451
3872268
4565354
3630677
3826095
4399383
4373524
4097303
4532226
4523868
3731683
4605926
4267451
4683233
4849323
4587000
4509801
3694473
4136042
5066668
4190559
4452476
3561938
4384729
4591920
5005600
4482090
4520874
4544765
4856853
4311686
4338777
3740686
4375739
4636124
3845517
4163710
4243548
4671313
4091211
5221818
4667873
3661318
4035006
4239322
4159684
4462191
4910568
4483988
4835333
4591053
4122526
4605800
4141512
4685399
4237785
4397168
4581059
3832840
3691826
4157314
4439954
4598022
3626662
4161638
4365511
4545081
4415022
4256020
4353724
4300878
4887026
4952850
3958122
4544188
4189389
3798700
4208222
4845414
4891756
4363678
3590653
3871997
4835934
5014821
3714309
3638074
4196291
5051980
3660663
3877422
4598006
3855836
4855239
3736413
5070601
4911724
4481242
4147027
4675356
4505865
4409426
4851632
4847279
4651591
4686104
3975687
4737369
4392020
4112242
3728508
4638926
4007918
3580446
4802366
4509700
3656982
3916674
3638908
4081224
4576365
3612483
3652453
4798523
4069362
4167921
4239774
4601553
4857671
4603204
4526273
4497742
4950301
4163862
4690006
4274291
4160587
4285254
4919977
3616116
4581483
4379502
4285106
4167852
4143602
3985343
3630354
4139257
4661372
4588906
4551241
3580701
4358333
4620986
5067470
3906279
4232731
3764816
4416099
4185768
4483418
4412929
4916809
3783212
3646931
3995522
5031200
3697893
4309260
3625421
4591987
4408557
4588988
4629518
4010292
4045988
4179954
4646641
5043274
3684048
3999086
3653521
3814674
5006704
4891504
4389639
3613204
4310145
3976950
4030072
3659204
4801474
3944652
4558297
4382363
4633254
4655207
3697062
4500559
4883279
4482098
4451086
3892919
4620978
4821328
4267098
4553507
4361923
4514382
4422192
4324391
4365214
4460307
3900456
4616799
4826100
4176572
4539423
4894099
4083148
4336083
4913471
3727839
4912428
3640860
4506229
4611344
4037249
4195221
4664340
4607995
4557133
4513168
5075071
3589943
4650958
3642691
4199764
4455359
3969727
4245836
4043344
3754727
4316339
3770368
4864623
4840897
4092280
4294565
4034313
4576473
4533896
3637979
4817739
4597242
4799232
3842750
4364933
3566422
4317724
4032678
4051451
4610348
3751906
4017168
4666010
4625882
4147352
4482478
4496390
3901303
4678002
4565613
3589359
4274836
4561037
4641872
4574578
4576761
3563169
5005499
4284027
4144742
4831398
4534841
4528560
4004380
3711094
4220936
3960423
3646593
4671164
3769332
4300143
4139138
4919780
3831951
4691312
4648316
4347549
4515295
4755815
4953390
4868239
4401514
4545408
4357479
3653488
4379442
4414435
4612228
4282212
4402717
4663655
4922639
4092930
4335390
4240555
4650033
4331808
4719961
5049207
4170002
3661629
4200979
4663856
4325868
4432333
4454815
4697286
3915629
4322424
4303027
3602410
3931085
3908725
4763918
4314033
4649705
4352212
3930320
4017863
4125184
4526071
4278500
4445148
3874086
3748095
3984869
3831666
5030447
3866490
4627033
3707684
3988148
5046094
3692369
3999268
4442316
4676228
4621643
4097482
4511331
4366637
3872689
4339781
3956843
4623241
4695148
4842918
4666250
4371725
4664220
4693616
3784762
4874675
3738645
4502530
5070049
4622962
5008930
4394342
4920608
3903946
4578496
4192151
4318020
4198621
3801944
4019243
4326902
4257872
4364601
3656801
4219370
4621384
4599645
4911176
4438495
3732994
4557474
4369061
4564137
4498114
4785741
4230575
4945625
5058484
4684852
3623235
4665897
4663079
4221830
3990681
3638474
4184618
4605666
4360148
4624124
4220600
4118762
4254017
4657298
4150202
4162110
4824624
3758116
4341720
4511903
3621919
3925891
4645121
4807285
5031900
4674306
4388407
4521749
4482913
5018753
4414979
4198609
4668085
5066376
4789340
5062132
4166217
4210105
3615828
4338465
3605625
4659076
4545770
3955961
4067023
4546429
3692917
4175349
4380695
4912463
3718466
4944230
4887134
3603484
5009881
4608934
4316482
4555732
4522678
3957841
4322332
4177019
4627760
3908847
4605450
4132186
4460477
4340960
4510182
4862621
4609331
4521535
4281781
3636103
4591560
4562805
4458852
3598801
3927625
4889020
4679744
3568008
4140172
4696203
4617085
4549912
3694580
3736612
4338800
4529240
4539650
3584529
3905046
3837408
4065809
4600577
4327998
5009323
3810145
4881202
4846988
4320584
5009615
4009969
4670745
4650099
4421808
3760882
4858479
4630508
4646545
4076976
4836598
4257040
3692134
4438639
3984963
4650194
4649807
4136091
4659918
4555074
3932644
4070151
4562473
4661181
3850262
4229647
4501434
4338175
4408112
3953798
4086348
4109810
4115703
4617892
3641669
4577324
3799083
3904477
4225117
4229365
4403223
3682974
4684976
4195175
4802013
4599820
5071857
3999561
4141500
4294911
3741882
5061293
4627687
4316514
3678000
4604638
4604430
3561278
4384699
4360513
3664562
4150505
3620485
4812525
5075022
4242275
4688842
4035657
4564663
4415094
4457650
4234411
4652236
4344767
4238732
5009849
4551325
4626114
4607909
4972604
5074466
3952876
4277358
4200567
4330979
4317834
4022422
4434035
4335809
3962486
3866604
4684896
4489456
4224629
3751153
3715817
4295086
4236710
4146441
3558175
4337625
4467250
4364627
3705370
4553993
4466065
3898811
3650844
4213528
3694302
4303980
4695533
4559080
4477537
4852471
4589446
4440546
4313144
4532229
4550799
4522676
4088501
4681477
3694666
4517806
4797725
3661167
3670230
4610643
3660012
4281938
4480280
4829854
3773048
3997408
3962980
3743843
4300489
4478451
4038874
4576348
4627478
4112354
4636631
4472443
4753606
4745395
5018684
4462267
4579576
4241455
4496093
5001177
4531778
3858842
4691767
4587957
4826971
4417093
5063101
4426858
3657027
4366664
3889736
4104599
3677588
4077831
4131935
4217449
4599728
3951502
4420975
4633289
3857405
4434249
4579454
4459454
4696583
4379807
4687523
4271757
4610802
3876810
4221207
4575296
4121739
3703037
4442430
4561827
4100145
4666364
5005605
4590511
4074585
5014256
4195948
4451959
3979910
4332977
5063988
4556232
4234006
4427791
4948015
3879903
4339988
4273891
4221584
4490092
4016899
3719796
4375897
4556898
4133286
4140688
4505371
3682132
4227437
4331886
3710062
4291289
4412309
3777072
5008956
4100349
4221058
3863232
3642445
4866772
4164192
4149996
4288173
4072313
4637219
4867758
3745139
4307991
4142507
4278508
4290844
3896730
4657768
3562740
4416547
4445798
4437498
4032296
3795652
4352799
3786628
4147951
4422195
5220846
4623196
3947492
4335914
4038404
5015789
4891907
3586566
3891305
4664110
4068967
4365269
3576625
4463647
3752461
5015523
3831440
4339545
4422280
4819338
4563434
3950370
4588231
4681924
4574839
5003325
4178387
5004258
4488361
4903015
5065761
4485834
4660097
3880645
5014072
4547645
3866278
3777001
4080603
4742950
4318514
5019979
3610980
4661809
3749475
3694259
4950746
4222534
3563176
4558336
3846782
3988621
3661119
4289982
4497786
4390584
4588815
4617980
3997013
3821830
4960684
4545202
4587326
4469502
4603337
3604467
4562344
4731696
5017011
4800886
3586985
4413957
4280161
4236579
4204422
4536841
3590642
4650847
4605161
4490315
3718705
4326909
4480675
4459333
3755017
4458679
4560765
4404235
4637281
4616627
3622061
4874076
3695951
4687708
3703350
4619780
4648671
3795895
4576409
4241939
4673521
3596673
4886666
4589192
3886378
4613077
4411512
4468974
4917556
4598433
4099021
4445367
4459992
4020236
4604158
4324439
3857040
4202665
3885837
4864218
4337502
3623462
4300406
3942712
4907904
4606854
4400349
4298226
4004997
4418466
4551949
4547338
4687337
3767742
3668400
4749389
4698624
3869306
4696492
4693149
5002773
4366146
4294902
4058612
4481626
4065055
4582688
5220857
3951368
5026934
4730127
4628969
4612265
4602230
4318164
4600298
4172865
3704232
4963668
4881644
4633205
4011881
4011175
4815758
4193348
4263707
4812831
4565410
4058704
3838569
3628750
4587761
4203192
4430142
4184582
5220007
4599754
3915763
4773580
4278905
4666751
4583512
4466071
4615302
4311389
3749382
4510336
4640005
4079869
4583502
5018597
4603523
4866618
4580543
5011005
4724495
3865773
4693876
4950580
3668489
4606167
5050206
4353719
4465993
4073349
4653098
4382409
4067030
3661700
4972048
4290756
4005322
4782334
4385007
4680504
4365060
4592905
5024596
4655105
4255832
4451235
4406206
4556514
4789364
4641446
4663453
4586922
4584451
4426023
4400068
4064571
4135008
4888602
4599890
5005215
4459455
5065314
4957274
4151033
4731218
3569631
4514000
4374039
4625382
3710512
4393407
4413995
3715696
4114882
4966225
4539939
4576749
5065884
3758407
4319497
4413914
4651586
3796788
4438158
3668325
4038274
4370676
4662689
4336687
4431096
5005095
3770727
4426688
4933226
4193639
4165582
4641820
4971151
4387752
4663571
4189547
3732055
4427493
4674994
4281762
4089257
4905676
4668528
4608532
4541553
4640450
4164264
4533041
3593290
4103325
4514106
4487063
4403282
3848802
4005380
3574245
4189789
4823416
4135173
3730922
4577273
3562904
4831896
3662922
4458990
4384358
4402563
3903937
4467003
4529132
4648014
3798681
5066247
3854070
4242558
4208390
4033567
4017954
5006115
3713939
4210080
5028083
4238574
4445990
4118471
3692907
3734869
4377198
4504913
4429310
5033225
3883501
4057931
4647215
3827724
4357547
4828471
4384721
4632314
3769063
4355995
5029623
3811800
4082135
4054046
4802651
4056164
4613394
4184499
3976238
3987308
4478069
4604104
4348635
4642468
4601850
4791536
3809049
4781195
4920700
3747933
4531518
4024540
3971495
4469310
4133288
4235108
4715864
5067820
3870179
3561377
4352017
3602500
4687293
3787980
4471302
4250735
3747987
4048400
4201532
4416767
4472241
4614009
4081090
4771222
4094826
3802717
3907958
4526803
4347984
4805586
4960737
4163562
4715177
5001259
4462563
4447740
4464755
4456583
4120438
4666926
4561531
3645418
4276059
4626520
4678341
4626709
4632873
5061380
4250705
4552240
3585130
4895348
3919855
4391108
4768247
3954731
4689838
4889010
3779280
4550450
4224264
4165794
4684325
3767918
4693378
4665761
3961420
3654381
4608990
4014279
4933875
3960321
4406166
4070905
5050915
4695851
3854005
4501853
4848658
3636913
4456664
4119721
4318137
4608387
4468588
4120152
4468740
6000001
4657812
3920530
4490626
4911913
4656529
4497053
4743981
4551770
3644638
4058613
4698265
4195514
4525298
4437496
4804424
4346416
4194509
4509726
4591486
3612736
4191147
4377829
3868582
4391731
4569385
4718150
4366706
4523286
4694685
5008699
4279178
5065095
4377668
4459624
5068256
4564050
3727135
4691512
3861076
5066240
3940808
4698980
3907657
3770016
4088573
4350893
3572038
4387226
4285558
4173658
4334539
4658784
4258933
4597866
4380169
4081419
4075664
4327068
4228281
4643155
3578744
4436530
4043999
3759931
3668126
3911173
3640189
4502906
4834041
4393564
4562924
4958758
3748688
4634321
4360814
4353336
4396386
3724215
4789955
4843758
4692102
4561694
4684411
4032434
3690872
3782956
4083943
3607768
4574773
4973176
4054788
4097127
4546300
3699641
4657827
4637814
4534327
3718904
4410105
4400338
4601546
4860434
4408594
4575506
4865616
4112450
4389607
4060721
4650593
3849868
4529314
4410916
4413916
3975938
3825691
4561217
3619525
4024232
4251416
3578426
3688985
3643672
4272792
4364569
4102703
4542270
5074883
4272455
4623943
4876989
4640768
4420493
4524091
3980508
3985506
4307689
4383129
4624989
4123287
5011675
4257631
4357762
4100911
4025307
3988766
4283088
4209185
4444187
4626229
4188198
4675924
4267773
4475421
4366722
4271629
4281301
4315103
4616641
4601393
4665746
3924593
4866521
4351505
3809068
4682160
4880953
4695413
5010212
3643062
4588921
4487699
4152274
4348105
4403874
4605645
4534059
4034610
4531588
4491534
3724916
3692848
4073309
3833654
5066175
4367250
4354677
4045082
3800518
4394831
5059264
4605412
4299976
4369422
4860997
3850206
4835801
4562115
4213182
3972499
3682547
4565382
4777805
4167890
4265134
5221556
4328475
4679553
3970031
4665253
4558191
3799219
4565442
4969898
4634949
4544326
3828272
3980509
4183369
4933867
3560396
4788841
4228702
4586805
3963081
3590997
5024374
4898745
4085001
4071388
4384769
3798848
4316573
4525790
4658306
4949894
4580362
4713386
4365939
4287311
4342329
4361567
4152386
4699022
5030137
4504352
4470338
4531010
4478900
4667385
4699809
3755794
4262871
3569238
3865801
4683671
4202298
4315259
4604041
4902264
4812327
5022178
3740479
3677382
4232920
4553487
3567296
4021405
4179840
4681077
4687244
4002014
5047801
4157859
4263927
4611518
4179967
3988357
4438854
4891087
3995005
3716434
4458056
4331467
4326493
4235579
4558330
4396671
3619105
4635478
4572224
4396166
4544644
4010096
4631633
4353052
4692627
4515537
4538780
3914122
4101027
4626206
4085174
3609766
4417830
4426214
4088284
3923799
4138617
3653560
4629293
3637354
4289692
4565230
4260203
5016652
3803051
4540807
4257780
4691285
4505963
4256769
5043844
4847505
4146656
3900325
4784645
4464439
4682521
4687370
4151011
4756016
4621652
4673921
4333573
4670031
5048730
4348712
4195046
4126764
4022976
4477177
3937208
4406709
4037733
4595981
4473047
4699462
3578842
4537248
3923841
4147474
4452809
4857321
4609196
4383112
4488546
4695989
5073129
4318665
4066531
3935917
4503729
4149397
4606400
4399490
4363689
4581714
4859046
4413486
4424379
4630342
3818845
4215990
3559675
3990619
3830124
4237225
4325622
3927298
4650264
3932448
3720383
4465167
4547966
4366114
3837670
4617531
3678328
3608708
4372689
4571271
4174408
5006909
5035788
4241979
4655740
3946000
4644324
4590119
4536945
4887356
4535118
4672844
3647583
4137345
5071540
4438772
3813286
4325728
4920254
4742274
4217229
4527651
4407604
3884576
4419675
4088430
4660966
4557843
4561352
3771336
4545453
3720474
4634729
4551571
3978623
4825980
5002533
3663366
3598761
4491899
4455056
4801333
4694542
3745085
3620929
5220760
4401092
4471698
4958079
4459967
4649980
4516259
4353321
4597334
4878619
3653876
4627493
4545568
4579560
3780572
4358746
5001508
4797430
4147786
4384086
3899063
4046103
3754341
4381294
4078387
3856875
4241895
4575931
4585455
3629451
4489701
4577475
4377028
4132195
4501865
4413336
4268467
4766800
4783797
4227539
4271714
4675907
3696389
4500591
4459393
4668314
4260227
4574213
3876276
4466316
3935405
4732397
3752925
4077087
4222962
4116255
4176174
5040138
4294000
3721005
3795176
4029724
4524432
3720103
4759134
4129678
4218656
4581449
4660877
4527705
4374313
4156764
5005412
5028287
3594901
4652431
4610140
5025911
4641913
5046373
4011085
3778314
3640521
4285874
4382927
4503890
4391576
3639944
4694066
3718751
4475230
3910946
4965521
4934283
4558030
4900038
3941451
4446630
3783943
4564956
4300225
4963569
4279126
4808545
3961455
4434760
4625254
4469538
5072020
5060876
4022756
4506310
4569662
4780401
4785899
4653485
4289903
4864303
5009456
4089594
3970405
4205737
3633222
4473435
3907141
4481038
4480655
3774990
3925525
4557561
3674589
4180383
4462371
3635388
3646703
4208364
4792412
3743767
3908563
4898871
4261198
3885673
3909733
4313771
5012259
4068705
4881959
4035027
3832275
4537155
4084962
4294293
4209740
4381870
4900291
4070958
3840212
4285440
3689662
4573824
3606332
4627401
4552398
4694335
4261107
4201387
3782078
4584948
4500246
4627582
4802708
3652227
4853098
4608174
4539170
4424484
4393087
3987460
4689344
4190439
4103980
3830543
4749379
4169143
4820532
4664753
4815734
4594121
4424165
3604462
4199152
4829236
4857876
4369448
4938733
3712598
3696914
4604666
4645859
3871673
4601240
4289213
4451434
4615403
4676969
3938072
4874191
4525191
5017957
3661077
5074934
5008280
5000330
3939255
4853846
3963887
4585031
4091510
4185595
4884057
4288460
4294986
4687318
4171548
4279233
4931603
4683247
4551559
4011928
3726037
3849614
3856986
4670306
4006023
4948282
4553056
4389437
4559399
4608481
4630267
5014630
4217585
4551834
3676821
3985937
3878726
4440048
5030516
4521539
3799900
4352769
3858148
4192724
4693658
4631634
4870068
3830136
4040763
4809303
4111705
4951367
4481411
4630585
4228780
3979885
4335188
3724807
4769640
4665086
4589204
4485817
4910179
3569743
4445832
5059165
4249163
4692609
4056348
4562625
4898721
4534815
4716068
4818775
3768674
3914152
4412209
3963271
4137260
3739475
4044413
4101722
3816811
4232578
5012224
3655574
4794240
4265865
3621621
4691938
4885453
3745890
4657817
5008403
5003414
4741212
4433908
4399878
3967275
3694864
4290600
4515505
4152944
4291369
3565046
4628979
3784063
5015009
4553705
4173003
4085431
3773031
4141446
3911629
4142201
4596715
4652921
4299769
4100955
4355695
4804995
3706413
3572436
4398008
5220862
4084548
4588531
4582186
4432455
4954937
4520811
3724370
4576378
3711454
3768272
4668737
4211271
4625579
4508198
4649053
5032865
4240219
4580189
4232276
4686089
4488416
3559193
4504373
4607358
4695378
4380871
4611729
4210331
5011579
4243030
3697431
4316115
4017063
4553236
3729844
4296786
4577365
4520520
3758392
3935470
4053123
4370320
4161307
4636468
4605403
4492598
4097586
4638583
4341109
4388272
4436307
4674118
4395960
4417404
4679633
4555583
4597438
4488286
4298758
4478626
4420116
4606970
4375604
4618328
4284664
4362102
4366508
4493567
3902473
4492126
3769927
4668939
4830497
3925984
4688079
3807699
4917609
4558219
3799703
4529431
4415403
4286682
4528232
4619378
4667102
4593670
4332847
4322165
4393113
3839989
4910024
3712795
4550595
4833674
4673768
3568082
4232907
4694957
4625236
3995348
4503363
4536856
4478835
5062073
3890267
4838367
4659897
4833960
3987474
4933530
4355949
3959203
4519360
4597738
4116614
4607973
4606820
4324608
5065735
4065839
4576802
4523799
4411891
4544511
4403050
4188175
4386834
4558340
4915316
4069514
3671131
3705349
4625356
3963306
5074103
3890351
4380090
4174102
3660225
4555601
4442636
4082596
4283250
4203815
4551537
4697342
4340317
4137211
4061055
4535965
4686029
3880834
4303688
4784064
4440965
4809302
4317588
3806175
4114108
4874578
4353893
4075827
4587884
4544483
3919136
5008781
3589272
4380986
4305156
3838928
4308725
4639423
4634423
4452581
4284329
4384535
4492471
4556521
3997740
4138189
3652104
4536229
4522724
4810215
4164098
4246131
4146529
4378383
4574775
4651327
4422415
4093583
3965534
4594614
4860128
4378417
3928131
4330083
3736468
4638839
3736571
4648147
4280774
3592066
3818176
4354847
4178949
4394070
3581771
4494274
4451658
3672277
4590023
4878621
4216959
4044822
4641926
4523662
4192887
3799019
4634947
4132560
4238295
5020372
4251968
4577426
4301270
4619904
4424699
5025385
4631937
4445236
3771974
4226513
4890713
4655664
3916778
4147193
4632678
3589346
4114497
4518774
4373161
4241218
4358321
4525122
3696808
4212316
4581562
4419661
4163374
4347870
4641011
4870811
4745462
4399665
3961566
4607868
4688516
4448432
4874369
4345570
5075742
3626441
4371391
4440543
4954895
3672908
4361523
4327131
4799603
4364958
3703682
4307198
4373440
4237493
4132924
4671920
4578518
3673159
3762344
4377440
4273288
4261099
3870955
3931282
4825843
4383562
4668026
4384194
4946774
4473820
5008308
4398030
4662743
4388462
4435141
4835145
3665781
4586464
3838240
4078858
4599894
3737503
3585877
4894779
4302624
4855104
3614215
4159600
4888562
4052837
3826369
3898623
4717379
4612373
4638713
3737808
4357855
3688467
4645612
4625893
4872365
3997115
4512762
5012705
4405988
4493399
4091864
4179151
4126255
4153636
4134999
3645895
4264947
4104558
3800813
4657466
4492851
4623812
4586524
5021344
4690666
4303030
4658275
4360857
4024865
4293821
4600970
4218185
4468191
4357347
4698467
4694655
4589750
4228441
3839975
4254524
3676177
4282741
4461635
4341860
3930860
5004051
5040395
4652945
4693988
3941854
4621440
4561948
4577999
4384400
3587912
4624144
3656695
4189011
4143127
4119796
3590783
4043809
3960242
4575818
4193431
4694260
4115791
3871781
4458370
4011498
4366727
4518207
3617967
4347704
4595367
4424914
5020213
4694104
4193771
4321434
5020024
3819001
4901603
4693900
4355674
4651409
4583268
4681852
4847621
4276782
4799675
4546301
4622953
3751375
4666280
4015059
4641960
3624932
4260760
3972351
5013360
4298786
3570315
4161622
4601695
3789926
4128296
4470447
4610064
3998357
4666045
4803819
3812767
4593251
4268621
4665600
4741890
4900990
3601231
4723302
4432274
4855806
4362568
3627815
3828341
3742957
4227550
3669051
3939964
4250280
4509765
3761245
4551118
4361631
3786597
4149576
3709297
4076035
4144129
4353356
4670791
4347289
5014910
3825842
4297227
4663301
4364314
4349981
4577265
3842358
3686542
4541228
4592703
3671086
4257329
3690887
4161691
4605854
3606509
3949407
3566069
4547694
4583154
4078952
4552722
4638605
4364229
4465567
4875610
4155263
4741058
4051667
4558687
3822367
3959237
4292218
4648788
4558186
4179647
4088335
4405362
3816658
3972997
4601647
4666240
4408293
4347419
4699700
4069035
4353618
5070876
4325895
4156310
4542068
4521823
4462911
4584848
4464845
5006828
4534753
4604947
4360935
4150443
5009368
4761662
4474565
4746239
5008026
3702923
3762700
4796518
4202710
4878888
3886322
5068255
4286194
3632876
3620687
3569299
4534380
5011617
3694370
5013461
4475191
4588169
4599006
4636692
4197190
4349244
3668282
4667877
3575338
4417461
4493859
3908416
4813341
4561264
4634565
3636590
3581291
4266066
4879100
5065379
4289633
4647876
4882304
4286451
4398782
4417988
5001109
3827377
4429828
3597585
4090104
4530375
4173460
4043103
3869957
3855076
3626141
4249181
4453767
4526144
4333839
4696803
4274770
4126231
4658191
4265743
4814457
4370367
3611917
4194163
4520126
3884283
4627632
3944924
4065823
4464317
4084211
4384645
4217345
5031125
4280793
4225525
4036231
4543801
5034716
4628976
4032183
4407145
4434803
4553749
4960271
4476111
4846506
4619954
4466881
3811152
4301934
4186037
4247553
4461293
4358962
4659280
4546039
3788395
4548242
4495249
4647221
4397351
4582590
5000136
4483814
4503002
4540672
4835912
3958261
4584562
3694533
4616732
4576758
4328014
4203048
4514305
3637565
4542243
4563324
3601941
4634133
3589957
4309477
4321006
4371989
5021706
4597017
4626172
4634101
3977429
4490593
4657785
4086300
4114405
4354418
4901620
4302603
4530356
5030055
4283728
4365832
4626468
4315249
4636519
4193008
4464963
3822385
3603381
4671915
3678093
4741000
4519005
3736933
4825526
4549700
4134978
4547862
4520301
4971900
4581013
4109600
5065572
4086623
4610046
4417635
4967053
4526252
3888262
4047043
4031334
4779198
4611070
4530518
4576341
4659590
4570341
4514173
4859198
4712993
4426527
4637255
5070938
3705423
4453610
4469893
4622576
4922629
4744838
4265301
4418925
4367807
3739562
4078007
3972311
3734965
4458777
4918129
4325855
3730072
3891014
4212007
5073087
4866897
4909540
4485788
5021104
4122069
4302969
4109667
4348815
3691813
4695826
3678278
4363255
4468431
3998723
4604712
3572706
4304229
4578601
4485632
4536017
3986386
4491842
4862865
4419256
4628106
4277250
4245360
3721001
4107981
4601771
4667567
4015317
5006930
4785920
4678193
4402147
3968955
5010277
4532818
4193717
4241427
4446303
4280557
4457869
4403932
4494130
5060061
4398937
3615694
4173790
4865778
4653514
4332085
4244728
4591474
4358744
4668670
4514356
4363016
4057261
5021006
3997926
4281732
4127997
4419409
4004270
4625849
4692380
4135474
4574354
4467186
4646970
4695534
3914095
4622365
4691613
4549955
3899536
4307259
3738964
3663380
4430533
4531765
4275587
3571949
3889414
4279471
4467865
4005100
4551208
4068549
4515113
4270611
4648820
4367564
5004714
4024439
3840024
4123152
4668123
4665912
3783416
4380242
4369642
4199215
4721350
4591159
3820446
3818011
4400083
4232108
4395776
4686942
3612943
4544510
3941717
4212754
4394147
3715189
4617738
5015739
4687221
4628685
4472735
4526648
4562373
4006518
3865549
3761799
4453719
4481884
3596043
4893738
4933669
4390846
4635829
4009919
4657111
4089196
3775323
4564380
3683590
4112350
4292547
4069825
4655752
4197633
4264891
4134168
4530842
3595823
4681569
3830028
4182140
4696792
3724820
4971504
3710389
4433055
4332648
4365545
4424402
3592522
3972724
4603092
4895274
3718326
3831795
4580538
4414810
5222825
4423363
4361731
3995716
4479900
3910170
4423574
4203268
4577536
3668243
4486588
4643817
4492756
4380866
4970219
4684007
4380787
4410135
4688627
5006597
3687354
3735738
4452534
4462360
4607037
4577484
3609974
4627580
4139324
4105400
4727112
4527115
4605721
4592288
4422006
4271804
4532262
3635212
4508226
3950914
4549670
4475611
3720552
3657493
4274232
3797484
4964572
5220522
4238470
4494830
3643743
4872902
4560191
3584506
4402580
4377755
4242547
4892182
3737774
4965029
4625732
4263347
5019428
4775788
3708550
4453461
3694432
4140241
4690698
3826818
3558423
5015014
4230059
4416347
5011391
4274112
4437962
4114471
5007278
3689336
3747553
3832200
4645074
4495204
4048571
3854140
4539283
3763273
4521881
4070961
4134127
4210394
4337052
4328724
3992933
4972536
3874958
5011373
3700638
4312005
4561622
4593634
4489655
3994686
3760428
3948361
4271954
5015218
4389535
4340779
3721593
4689460
5032414
4435143
3921506
4282928
4513954
4265977
4137306
4854103
4600428
4572176
4495462
4348287
4488289
4486187
4865823
4636600
4901354
3994064
4277926
4667002
4504537
4805320
3772147
4427355
4164855
4023648
4758542
4105447
4593612
4675119
4095746
4617111
4712376
3576933
4281524
4556360
4276801
4558785
3649634
4366776
4390278
4307152
4964160
4344399
3705778
4516587
3729019
4510163
3589650
4016205
4426796
4647407
4128609
4335325
4557010
4453290
4298577
4897879
3754445
4446215
4723089
4293805
4017765
4462451
3617894
4106351
3876860
3867308
4518438
4209250
3694633
4434223
4011156
4538897
4587070
4076799
4828700
4554101
3572817
4825522
3660840
4477775
4243498
4344253
4350903
3945139
4144781
3914250
4644301
3945178
4405038
3712937
3693108
4857304
4505822
3939959
3979898
4893823
4119149
4634969
4413624
4495340
4506325
4427780
4833440
4346757
4778916
4690631
4336430
3660220
4595627
4599158
4271638
4516683
4396705
4650103
4351326
4679969
4611931
4225198
3586118
3748174
4903051
4014660
4969417
4730858
3986033
3858524
4239709
4591811
4311770
4208013
5056845
3771034
3835068
4145995
4641598
5220731
4201857
4067944
4628445
3663456
3724395
4606127
4631286
5070277
4475987
4332954
4688135
5035801
4452037
4527141
3754217
4167039
4414816
3834007
3569747
4645022
4510833
4641921
4411985
4199410
4153540
4186678
4612013
4001718
4853943
4185963
4400503
4501622
3576181
5015843
4694986
4561351
3662430
4693222
4280134
4301925
4061151
4101102
4439396
4844391
4309313
4277728
3626500
4881146
4603890
4330423
4316836
5004884
4300010
4828160
3652247
4240667
4660662
4416244
4665116
4890199
4467858
3697090
3583311
3613137
4128166
4614369
4161057
4625044
4676059
4969848
4533679
4402764
4574874
5016884
4256879
4298638
3587597
4436832
4515010
4099058
4610961
4878198
4114479
4104636
4687233
4901431
3663389
3991044
4538952
4540091
4781748
4283500
4092977
3827205
4644021
4920714
4590165
4542170
4549338
4538109
4679849
4176968
4225134
4681593
4123098
4539536
3957894
4062095
4387792
3900250
5003697
4878359
4785550
4352940
4477558
5052869
4626267
4654829
4578836
4536066
4043885
3789509
4125870
4664984
4494457
3637154
4454130
4966181
4660512
4855761
4520576
4856309
3685470
4265652
4376152
4622829
4579483
4004465
4623437
4440677
4529899
4534920
4561605
4094957
4455331
4603352
4911370
4367037
4465712
3943681
4228558
4163411
5061075
5059820
3893936
4026688
4107821
4052611
3792190
4669666
4616961
3654281
4441651
3795102
4247171
4027220
4933570
4400982
3845214
4048003
4622448
4275960
4434257
3859885
5220065
4333350
4331047
4642898
4561628
4125386
4386879
4600785
3865855
4449685
4520601
4235710
4792024
4378279
4443079
4117403
4092275
4489451
4388548
4163593
4425455
4523471
3906480
4081031
4965537
4964074
3569377
4389788
4437382
3896214
4360955
4629714
4758087
3739428
4610543
4049216
4632344
5021557
3904175
4523299
4918537
4529992
4615762
4537873
4083705
3825890
4104881
4140209
4348983
4899339
3820757
4875535
4808890
4093453
4489838
4442889
4868717
5012806
4498653
3602850
3875863
4472622
4670107
4541685
3691521
3979133
4595242
3673330
3602593
5072949
4853370
4674199
5016275
3779158
4395866
3816708
4889321
4626522
4643057
4230075
4747983
3850352
4644209
4125744
4449273
4120768
4131116
4653631
4690287
5005587
4058743
4672590
3728389
4511298
4897802
4835493
3875083
3624109
4881179
4245690
4630540
4514171
4406350
4335488
4623378
4695744
4620526
4433529
4548982
4081260
4360324
3626891
3989801
4689777
3988066
5011256
4448314
4361634
5046557
4586730
4370187
4562284
3787299
4445713
4692469
4068256
5221384
3733868
4287188
4529458
4268442
4397762
4765183
4247728
4478094
4315933
3821215
4636900
4529594
4226273
4624595
4217571
4550913
4491210
4430308
4096546
4550901
4660508
3997114
3681054
3693580
4118181
4467090
3806109
4432311
4376361
4655941
4507632
4485108
4540515
4736681
4629599
3613502
4430927
4599477
4467403
4739151
4445445
4176766
4411810
4570258
3744613
4554755
3685623
4063646
3977724
4633897
3766843
4484007
3879798
4615196
3777579
4423093
4476971
3933504
3911665
3870247
4627811
4698245
4884768
4400104
4239710
3892621
4617521
3678761
4487957
3692493
4482032
4488469
3983834
4904801
3559391
4587626
4558267
4581577
4521565
3834760
4552375
4335005
4346126
4359480
4683640
4734674
4660375
4420050
4600703
3815718
3643423
4269796
4006871
4362890
5065808
4590254
4346673
4370791
4750004
4759638
4565337
5069787
4216831
3996716
4649752
4434842
4766645
4512010
3745344
4076598
4202580
4096831
4854437
5010959
4508081
4237428
4601813
4510050
4668114
4904605
4670531
4726287
4667809
3694687
4660119
4445534
5008466
4881177
3728350
4025094
3807854
4385282
4300963
4330091
4086096
4786405
4073115
3928383
3968946
4248914
4649971
4499467
3927001
3837221
4573916
4098992
3559360
4042600
5220735
4580307
4206390
4358187
4080880
3665115
5014684
4281782
4506000
4292827
4464101
4351184
5063431
4529295
4874565
3968087
3988576
4505020
4563777
4518534
5009400
4035321
4171688
4553779
3996472
4535146
4399092
4346592
4699059
3798757
4916334
4902469
4692068
4667433
4125525
5070673
4572844
4170831
4563326
4530467
3774682
3626888
4646236
4391714
4824200
4211962
3910128
4648596
4884571
4082726
4539120
3876469
4198595
4120236
4139488
3615010
5000530
4296439
4698189
4105953
4381341
4707604
3936194
4096774
5034666
3638428
4890801
4542771
3569720
4237206
3663221
3581879
3995700
4385106
4326263
4422109
4731106
5022138
4609538
4529259
3591825
4684906
4783434
4416140
4073625
4951838
4651710
3948855
3942252
3999440
4481639
3700663
4903763
4085997
4592135
4156085
4021000
4710804
3819629
3999540
4579068
3647574
4538154
4510253
4606645
3681815
4337494
3648043
4319350
4304537
3617591
4218415
4330078
3726802
4573408
4605447
4668814
5071638
4205037
5021040
4497810
4795697
4156873
4084118
4593160
3900907
5023266
3906502
4921197
4417422
4359053
4788483
3598460
5220916
4302071
4660124
4185393
3823515
4453418
3686220
4058902
4561702
4644074
4370031
4044041
3836410
3567068
4443116
4599285
3731958
3733723
4128866
4438544
3732473
5020412
3692244
4035857
4196913
4313359
4889769
4575043
4309279
5220807
4310358
4387641
3773026
4242103
4267501
4435512
3876298
4374598
5065620
4242537
4531308
4611214
4697221
4537494
4612912
4618363
4512925
5033093
3893951
4525394
3849502
4254631
4532597
4532838
5017719
4325132
4183759
4488815
4554332
4519105
4378759
4172964
4782518
4605007
4119395
4636223
4406357
4100724
4548407
5022055
5071015
3955027
3894628
4188177
4586924
4635143
4387727
4647135
3876067
4908549
4573919
4219253
4667492
4116901
4169542
3643913
4687859
4767967
4697082
4418336
4073592
3561356
4490861
4081200
4276957
4256042
4634887
4530967
4689047
4421272
4584935
3575253
4698022
4191605
4108581
4182209
4658364
4384661
4077197
5033810
4602398
3774691
3756126
4628750
3628789
4409707
3826235
3849204
4567499
3808362
3666364
3898975
3590607
5017914
5022141
4292214
3911613
4644486
4466252
4179314
3766028
3811363
4365995
4936809
4693609
4684024
3644950
4588660
4520153
4268962
4529600
4251623
4380676
4362425
4389571
3710294
4332614
4628654
4830462
4491082
4292918
4670063
4282123
4156219
4345389
4576650
4183426
4589014
3836773
3999855
3902991
4156566
4309511
4852737
4580577
3869912
4060838
4296616
4684167
4847709
4335042
3681041
3774954
4626881
4490264
3962499
4483449
3669506
4106168
4686569
3907736
4602817
3711963
3663045
4377175
3603899
4101192
4451692
4184497
4185783
4136878
3680423
4249608
4144152
3908191
4597831
4150414
3820198
4565731
4380218
3883508
3907663
4353294
3681470
5045710
4491971
3852469
4548531
4730790
4605619
4423003
3980991
4875989
5009513
4540104
3631957
3906716
3562192
3694610
4424717
4959461
4055361
5006051
3660452
4335875
4529283
4252218
4477373
4069487
4640356
4418163
4581592
4366000
4893785
4373353
3775602
4117322
4377382
4503264
4591754
4362007
4637906
3804401
4171490
4524848
4026451
3846160
4876156
4481792
4101181
3700985
3670125
3870502
4385661
4315431
4962609
3949452
4601736
4393114
3771683
4379466
4481185
5035853
4142923
5014648
4761819
4731442
4685182
4005412
4948865
4394233
4050235
3919042
4647117
4131328
4632273
4098232
4666300
3995843
4413487
3646394
4540100
4299856
4595471
5017917
5005879
4907878
4421155
4133482
4625129
4641914
4111152
4827784
4273328
3947869
4559688
4263015
4574133
3973813
4379515
3765888
4513738
4950709
4534321
4401328
4659148
3959475
3926401
4479481
4095682
4600942
4698943
3749682
3695328
4018426
4400110
3609179
4517400
4850500
3996451
3997417
4556355
4678148
4542641
3614757
4644299
4103091
4282035
3702617
4632942
4847042
4101727
5026899
4352884
4960339
4510614
4577549
4897404
4007773
4040393
4286979
3657778
3857369
4628320
5055762
3818390
4307487
4858316
4313412
4873739
4457082
4661667
4528669
4450266
3626069
4360041
4259527
4490476
4821320
4658165
4402818
3861790
4911393
4525998
4520202
3905626
4661488
4023500
4857366
4022957
4969290
4740765
4692179
4593704
4183844
4794213
4118423
4380582
4351883
4676241
4521629
3765333
4634541
4561642
4963208
4587634
4478470
4858984
4697508
4671220
4481770
4596881
3760006
4598576
4437360
3819871
4380646
4281031
4481976
4521947
4236510
4227377
4686691
5045107
4007244
4661675
4921011
3581369
4599668
4650779
3792454
4368041
4223331
4589813
4538863
4600837
3756442
4589742
5075749
4604404
4409624
4305771
4227740
4175106
4680586
4756649
4966364
4151214
4063940
4585653
4429730
4696342
4380664
4317863
3893627
4613289
4801949
3950584
3762595
4309790
4968589
4382083
4844857
3892271
4862409
4051219
4541651
4282655
4308521
4467939
3574072
3570544
4401381
3698203
4915024
4158280
4396156
4154360
4719691
4542306
3734903
4093728
4185118
4441557
3729489
4592488
4096602
4422133
4584124
4574794
4625003
4357058
5003734
4094029
4094547
3885877
3974368
4510835
4793227
4148037
3729383
4548807
4228704
4358594
4706751
3677928
4673929
4271331
3972487
4624298
4206745
3632821
4699614
4455052
4053473
4337790
4684728
5004624
4696617
3967526
4116166
4624614
4323403
4471872
5068119
4585871
4133778
3674577
4523754
4079100
4167768
3974594
4226358
3753798
4695544
4346665
4597927
4799202
4626046
3849457
4770310
3967852
3835234
4454236
4317045
4470438
4227901
4317627
4429393
4630659
4922670
4482069
3587084
3889121
4527824
3771524
4430127
5048082
3621347
3868220
4399208
4585220
3750709
4267044
4567942
4441805
4334052
4233039
4455435
4459058
3577241
3889432
4429362
3701541
4016656
4173885
5024261
4433550
3664982
4164787
4217673
3677619
3613849
4288440
4579094
4769997
3935737
3668194
4862856
4121696
4281111
4633411
4001523
3830133
5015589
4104207
3677426
3794625
4473278
4537941
4879919
3687978
3839004
3982667
4744604
3898149
4598316
4317105
4346359
4549142
4713094
4118214
4870401
3715046
3908913
4631677
4502108
4520752
4389149
4477338
4629958
4090903
5064081
4082065
3845766
5054206
5069797
4438427
4311942
4804407
4602091
4615855
4304917
4653104
4884684
4054831
4166645
3842683
4313065
4634568
4609174
4469724
5069793
4365572
4484738
5016550
4684745
4632521
5054326
4645633
4468422
4101866
3770219
3566774
5004883
4622209
5046553
4698460
4806497
4583102
4272545
3587076
4890521
4194559
3933367
4650106
5014344
4275114
4621417
4671098
4563130
3770820
3894098
3704236
4550298
4053261
4613245
4209917
4247072
4552665
3866596
3874128
4950441
4367810
4852240
4573358
4587941
5005007
4687023
4389667
4839466
3877627
4676480
3829212
4678176
4508755
5015462
3872537
4600110
4536752
3940904
4042355
4464204
4460973
4266583
4100482
4664457
4697453
5028334
4632063
4416631
4660265
4611502
4880934
3761211
3838618
3908891
4156266
4302313
3859507
4876794
4548947
3941167
4326907
4527892
4061014
4774881
4033065
4480375
4388941
4516674
4443125
5017735
3964811
4675631
4565977
4439060
4564489
4299283
4738451
4814133
4971254
4660802
4043197
4598749
4086725
4634045
4082068
4648297
4632458
4663540
4137947
3698435
4446011
4238997
4535653
3619040
4594165
4755715
4523885
4392976
3749049
4633065
4641486
4625657
4209406
3659878
4516726
3911167
4685903
4968822
4157025
5060217
4951629
4538633
4558474
3685915
4294720
3900449
4134987
3798219
4226582
4227124
4446793
4107407
4408791
4973173
4118521
4900940
3704988
4563316
5021284
3700071
3779767
4298586
4197504
4329049
3816724
4178652
4142653
4968043
3921725
4952606
4267494
4693940
4150759
4360892
4238602
4446981
3932510
4682787
4344099
4014649
3961760
4376890
4851645
4539586
4450147
4313544
4564698
4892197
4183879
3707398
4709749
4537395
4359671
4399448
3950238
4230468
3720639
3825085
4286911
4526449
4463172
5074137
3996662
3568800
5071634
4421414
4634427
4057652
4348859
4712131
4308626
3847446
4248045
4030838
3905113
4429659
4450986
4657010
4006311
3685860
3697116
4730454
4524415
4572014
3718198
4078302
4267686
4688214
4368532
4496380
3990322
5220643
4218515
4071580
4422500
4179250
3956674
3847744
4293012
4382038
5055843
4608874
4505089
3819750
3835523
4403304
4305369
4344507
4920368
4385220
4565777
4606895
4973031
3590339
3579540
4883718
4552334
3642698
4317538
5006312
4220695
3659423
4407566
3730126
4564071
4437242
4008280
4314377
3723691
4649953
4299335
3621756
3754648
4276673
4731661
4530768
4892311
5072579
5014533
3621318
4419919
4173922
4249326
3823660
4398070
4096282
4580047
4058815
4877525
3989557
4078984
4048030
3640630
4200723
4857532
4009721
4696275
5006142
4887556
3686414
4234221
4472943
4071991
4662218
4389870
4508875
4358350
4502536
5062236
5222872
3834798
4969458
4560652
4516148
5023483
3789107
4544026
4189548
3752007
4317284
3660294
4582514
4617024
4508977
4219788
4900077
4436141
3685453
4846659
4411764
5054770
4551247
3926315
4355904
4625563
4285364
4376039
4707965
4568870
4349677
5072279
4249783
3740379
4184101
4055475
4648012
4373048
3763506
4109256
4616511
4019074
3681505
4094708
4663060
5000045
4515667
4696247
5011334
4065741
4681892
4794754
4232091
4124835
4780108
5051530
3773713
3801851
4323217
4336684
4520381
3901233
3699886
4120852
4552529
4568257
4665789
4360447
4294656
4286974
3915187
4196766
5014510
4474824
3630758
4115540
4443016
4064485
4435440
4450215
4804815
4638136
4532743
4693673
4826559
4590280
3608253
4509653
4058654
3821026
4242087
3974935
4153303
4587266
4040888
4434014
4147227
5041239
3658738
4951714
4799070
4514980
5065065
5008171
4167599
4078600
4529653
3965711
4561831
4509040
4010868
3984659
4613373
4124791
4607047
3594363
4694397
5062324
3723678
4660536
4784083
4684179
3768957
3933877
4515249
3706255
3740094
4606703
4479639
4393243
3911045
3700460
4663226
4155210
4043195
3927974
3749925
3829995
4230787
4642784
4604187
4322945
4375963
4390598
3893348
3816280
4551085
5025775
4815436
4317641
4658528
4011486
4168527
3739260
4217153
5054753
4539012
4130416
4410736
4174956
4419591
4616304
4116826
4594353
4556238
4365120
4217704
3920835
4228848
3802222
3932509
4521291
4479743
4639261
3893320
4167834
4427288
4193374
4228843
3754539
4265473
4201814
4626757
4755795
3606982
5006805
4593932
4584038
4446244
4647335
4906808
4551575
4653267
4651148
3976198
4547579
4517562
4111034
4603094
4347238
4028493
4129107
4478327
4005918
3837419
4456993
4319633
4411269
4693519
4625507
4282814
4272070
5004680
4072226
3628518
5003459
4428706
4265059
4391686
3674752
4067183
4425165
4603415
4087091
4639890
3758975
5221342
4196781
4353444
4677996
5220592
4156793
3787499
4728924
4052220
4964306
3973197
4362846
3716863
4678964
3614380
4816975
5005613
3660426
4003879
5007927
5033636
5002647
3982957
4612850
4048186
4545768
4617688
3656587
4250674
5058049
4555015
4819124
3778396
4143410
4540853
4462343
3605550
4039015
4533556
4490360
4522219
4430774
4642464
4622144
4396659
4618081
4344576
4415245
5005793
4332401
4892319
4285982
4062845
4525836
4899714
3621439
4251189
4371680
3642295
4117096
4397982
4410001
4422861
5016560
4114947
5047097
4452187
4067846
4690707
4477890
5017674
4496662
3752406
4408717
4423309
4180060
4618002
3762530
4249390
4589073
4560981
4316077
4078490
4099471
4000293
4204873
3762828
4544908
4193350
4778793
4512869
4385442
4681255
3864638
4606290
4737402
3773646
4527727
4774708
4238240
3962407
4302528
4686334
4349229
3735407
4617466
4760069
4339838
4183412
4532624
4333011
4323622
5008349
4485635
4666870
3569386
4534189
4538523
4650175
4698889
3587808
3814595
3995975
4545272
4301656
4658922
3683193
4553356
4933161
4549215
4972950
3787795
3626418
4605930
4218207
4263008
3604575
4601260
4003848
4679202
4696528
4631770
4515517
4477687
4583815
4436534
4946890
3802029
4520902
4888062
3785954
4599155
3674195
4381874
5017869
4648822
4867461
4389852
4500393
3760804
4053804
4951918
4486122
4509558
3693219
4346393
3653508
4452974
4380042
4362644
4652160
4210324
3664073
4303635
5013250
3910276
4631080
4394841
3809656
5026004
3681825
4581747
4570280
3819785
4709632
4880933
4556681
4119338
4857667
3699283
3562168
3772089
4544266
4631774
4674931
4319720
4043959
4717534
4552938
4118608
4038738
4586815
4459567
5020249
4550482
3919711
4839107
3897732
4444264
4673641
4187077
3591249
4041443
4326623
4649248
5008914
4334424
4619724
3895126
4685024
4011719
4532087
3818070
4363704
4601418
4406407
4188998
4588763
4332395
4212845
3720002
4686980
4896468
3559580
4178528
4331099
3798402
4477597
4388525
4648941
3747240
4632742
3908724
4657673
4542504
4357374
3782798
4555927
4307903
4882961
3690898
4798504
4650342
3659177
4471813
4485264
3851312
4856398
4605148
3774154
4656406
4393807
4274924
4414069
4292456
4520632
4638275
3880091
4596493
5221776
4845587
4412697
3633597
4665201
4508748
4483285
4482155
4648996
4337824
4382978
4327110
4276388
4642260
4151107
4346079
4323368
4328704
4042252
4661631
4252058
4628592
4578467
4132606
4482271
4018465
5026684
4970584
4543664
5000705
4516151
4626307
3855221
3637601
4646858
4641469
3791556
4106790
4105800
4685431
4336029
4658776
4548601
4554145
4367382
3708367
4541691
4538156
4407844
4755370
4325590
4617254
4832477
4460729
4880712
4603665
4263851
3988744
4184632
4533376
4175981
3950786
3658525
5018227
3728142
4042900
4037948
3907989
5064515
4411840
3630432
3752582
4428740
4098711
4502426
4490047
4590861
5010634
3949451
4468031
3683428
4193685
3601158
4324442
4642216
4472227
4840111
4357793
5220089
3620287
4076052
5068942
3835787
4634574
4662233
3978493
4689065
3599732
3646673
4540639
5039315
3783123
4218407
4172894
3674365
3958956
4127304
3727892
4699055
4876719
4390270
4432426
4193943
4555745
4389250
4280920
3783956
3765564
4606214
4027030
4202473
4494458
4609588
4679427
4856934
3785521
4241135
4668870
4305798
3779961
4550374
4686947
4037653
4075878
4516845
5023570
3610089
4435275
3983416
3569915
4542777
4675583
4775032
4682916
4779914
3813250
4045538
4221592
4554234
4070835
4452688
3725282
4525183
4383773
4493405
4383709
4709835
4304475
4613926
4535112
3782862
4080949
4868875
5008046
3930113
4637470
5012793
4634028
4163034
4389132
4549144
4335477
4135537
3874466
4220994
4323898
4382855
4512032
4437041
4633841
4437222
4076908
4392697
4389868
5018996
4380056
4230677
4057476
3782263
4387733
4542631
5037031
4643090
3953916
4331277
5025043
3664564
4060814
4231055
4210423
4014322
3779471
4407872
4565724
4100943
4306658
4045421
4499029
4536977
4080067
4546749
3576694
3955138
3598744
4392638
4299282
3731441
4575577
4682161
4593959
3703906
4247301
4364744
4405832
5066651
3975489
4364577
4121290
3762231
4094253
4619100
3984898
3831175
5220662
4556490
5007384
4405538
4526599
4555402
3967449
4096312
5021622
4561709
3682707
4733159
4403006
3871228
4604461
4166690
3725716
4653440
4548741
4696708
4324809
4094375
4841814
4377648
4520160
4175282
4687885
4640162
4642036
4119455
4177472
4529160
4501350
4327768
4637876
4387088
4821672
4673307
4665055
4439860
3908054
3813631
4637221
4658434
3736728
4694788
4345736
4030809
4112035
4320626
4210322
4576467
4816695
5025027
4546744
4626927
4588500
3877249
4145958
5013392
4562646
4625593
4113533
4638982
4509628
4224719
4288042
4072055
4609332
3998969
4521239
4919188
3868774
4181208
4771526
4545988
4579046
4318126
4522220
4171914
4358451
5011563
3698601
4475761
4414638
4907481
4689116
4565343
4328884
4520939
4634532
4382140
4646709
4622619
4223918
3697832
4052493
4604325
4157622
4295017
4430471
4550343
4623296
4599902
5008101
4649213
4384036
4229928
4442583
3962500
4589212
4513474
4403894
4674551
3872873
4334068
4472828
4612681
4786730
4626096
4552990
3806785
4796517
4236790
4162716
4807696
3560757
4611314
4549297
4554412
3912757
3725883
3624353
4656594
4115893
4091672
4678598
4676388
4822892
3670027
4348457
4693526
4650446
4345491
3623751
4585870
4694138
4199824
4522379
3820387
5075825
4463740
4424291
4806738
4168174
4819959
3947797
4644463
3980847
4708104
3585531
4130741
4234811
4391448
4582715
4587721
4254569
4837855
4647919
4812697
4518864
3949104
3614278
4320456
4342434
3927241
3682212
4491536
4816065
4543144
3819975
4146924
4088491
3736026
4364124
4448685
3644060
4680069
4649706
3665926
3774325
4602068
4685018
3707217
3560746
4551269
4503066
4285029
3609499
4878156
4196580
5220015
5060682
4498975
3705169
4934364
4518980
4387707
3908117
4364085
3717635
3917301
4374174
4550211
4340717
3768540
3858645
4577461
4285581
4388410
4903628
3771576
3589361
4411819
5068092
4381075
4691680
4797924
4398208
3799215
4697485
4011316
3769507
4565533
4375752
4680374
3707561
4291980
4004669
5002884
4822386
4637260
4191744
4143373
5035739
4618316
3683339
4335248
4407528
4678191
4396348
4276416
3808382
4606116
4603906
4310111
4239070
4793962
4525531
4316431
4654349
4476331
4322702
4086393
4605457
5022194
4318214
4197402
5071279
3779213
4300483
4509102
3953120
4371293
4412345
4541406
3852420
4584917
3820134
5018722
5017505
4128983
4427405
4609733
4431278
4344878
4606386
3561881
4065248
4613031
4423905
4643561
4496723
4736599
4349582
3871239
4389793
4291079
4706969
4149168
4589621
3675465
4677677
4638938
4584993
4841457
4201670
4180905
4368336
4432516
3789184
4098761
4552130
3585833
3972225
3988155
4307296
3675665
4608150
3901728
4310198
4488741
3974335
4561171
4481445
4426854
3577468
4393665
4630629
4586700
4866457
4887656
4299644
4268105
5222367
4424231
5021385
4297261
4054107
4972243
4641546
4638569
4822112
4485153
4649252
4337438
3651734
4782637
4409400
4973294
4626833
5018979
4392737
4672464
3641564
5072047
3736832
4143967
4606837
4463308
4331883
4776823
4309095
4355699
4508976
4590414
3576773
4363292
4636334
4286078
3809339
4094456
4568529
3597709
3911083
4585733
4034245
3651034
4106088
4231782
3881359
3606914
4417658
4167487
4963539
4045440
4581696
4251735
4546385
4482697
3679255
4577387
4563306
4348051
4457972
4486106
4339913
3997220
4144714
3797237
4909330
4585624
4447860
4467944
4676786
4105023
4738756
3890485
4338212
4681357
4868168
4081296
4306761
4654875
4414004
3814539
3931958
4487154
4214000
4206793
4689563
3692537
4021176
3753320
4169184
3842991
4654630
4190205
4417499
4440639
3705741
4611618
3673763
4328241
4157107
5003212
4257612
4129954
3961615
3927910
4763648
4165436
4631932
4037840
4850833
4489167
4600901
4617448
3953735
4581210
4659743
4202256
4314530
4660117
4602271
5067068
5010561
3934420
4332784
4614078
4420328
3744483
3649254
3866066
4420034
4603394
4096066
4648893
4347061
4807236
3674324
4619270
3977695
4400715
4669779
4660415
4296405
4165785
4551345
4087319
4471551
4729729
3652806
4630243
4593440
4860866
3938630
4153435
4405821
4395619
4637407
5034870
3730874
4330344
4606105
4051948
3963357
3844592
4654211
4420115
3804791
4409433
4393387
3704210
3654214
3603446
4624275
4884786
4451585
3793940
3674111
4621711
4580043
3857470
4521860
3807891
4215297
5070831
3702681
4867701
4276993
4045354
4660230
4524614
4654416
4708442
4512775
4603516
4349003
4710412
4502551
4554799
3754714
4365310
4017150
4952788
4662265
3823346
4051524
4609979
4178472
5037046
4530463
4462667
4452097
5050289
4049703
4678494
4302261
4509824
4222037
5017340
4324355
4323026
4074578
4964362
4029422
4742566
4077973
3965035
4607799
5012012
4000913
4581129
4461562
4618123
4640519
4154075
4676240
3863766
4872212
4591075
4681346
4595841
3646915
4557494
3782903
4038405
4213267
4899424
4142631
4567225
4637549
4824610
5003181
4065818
4657835
4640258
3815017
4673415
4449394
4690341
5034832
4266060
4916075
4332570
4698588
3643898
3907365
3911038
3643715
4490604
4913390
4116213
5004840
4669860
4902126
3992180
3894540
5074139
4267354
3736953
3608069
4590228
4081754
3609893
4093329
3809886
4817297
4680166
4590841
5066405
4038433
3986873
4551143
3721107
4555944
4536644
4482956
4364050
4521602
4592170
4824347
4161607
4029245
4262765
3786532
5023234
4655907
5007620
4650261
4105133
5059268
4557911
3660986
3885592
4965438
4892216
3660737
4685984
3561845
4472938
4590923
4361650
4656003
3753451
4422915
4643161
3925821
4088075
3683444
4632870
4592416
4495011
4636373
4972513
4207125
4823059
4296084
4347428
4679011
5000944
3655223
4548744
4953462
4471379
4648310
4896575
4963964
3996402
4447562
5220254
4662710
4606503
4388043
4453020
4297634
4554283
4100511
3981727
4516267
4512688
3967524
4031179
4338842
4553717
4542788
4399054
4606216
3938919
3606842
4620041
3859473
4503778
4074331
3641724
3582400
3941841
4340276
4417924
4565156
4698638
4412645
4669590
5002553
4525682
4815035
4123034
3603783
3824703
4382428
3861465
4042730
4261487
3686210
4451443
4587696
4520422
4579104
4584662
4527575
4005312
4691418
3899478
4562886
4495538
4685027
3691267
4216122
3918537
4222784
4597657
3923812
4803053
4577730
4582135
3908534
4430780
4155606
5026508
3605806
4459372
4556323
4622833
3691482
4898054
4236630
4399553
3673138
4307000
4414428
4349045
4970272
3824024
3919006
4520961
3991793
5012343
4365925
3904594
4283791
4465670
3624177
3564885
4718752
4615776
4572841
5014538
4786704
4478876
4323829
4685395
3895478
4077110
4313790
4423036
4602629
4171991
5021852
4142240
3901590
4404692
5003125
5062787
4609662
4334985
4461271
4886940
3575486
4493356
4486058
3809932
4629516
4875307
4395365
4292504
3868551
4405700
4627851
4654132
3651573
4697322
4634431
4921656
4477974
3936121
4482005
4523856
4588127
5220729
4079505
4707666
4894478
4290170
3772852
4534910
4664744
3839630
4201798
4742036
4616529
4499717
4354152
4469687
4786364
4264007
4181652
4249088
3632545
4632721
3907450
5072681
3911618
4066594
4890483
3879572
4396933
4269924
3661277
4438237
3868981
4600606
4398408
4512314
4253347
4354506
4475903
4952697
4070854
4572171
3620272
4652800
4617569
5004915
4785021
4531100
4382858
3842313
4618017
4784457
4403896
3764212
4181673
4416569
4212692
4069374
4550152
4682386
3635126
4775640
3762556
5021141
4966474
5072321
4055814
4870258
4642314
4125687
4556031
4062433
4611513
4696546
4542724
4473045
4542436
4628716
4273367
5009504
4535157
4767990
4204416
3584024
4222635
5001421
5071163
4027664
4634429
4393549
4577312
4321288
4351811
4672123
4583576
5029657
4564115
4347506
3610476
4021885
4683800
4686244
4372243
4316453
4489134
3680672
3723396
4132369
4048289
4587002
4638872
4346643
4585532
4593342
4074194
5033405
4641208
4295168
4341705
5033861
4413913
4516623
4486918
4593328
3605305
5065756
4543226
4112290
3604179
4656120
4259225
4563052
3578748
4200943
4479642
4395797
4310758
4395786
3610237
4408412
4622004
4096206
3719707
3578538
4112062
4021882
4604397
4601177
5008936
4108103
4014849
4115004
3634935
4899082
4352526
3567908
4628620
4085333
4706777
4470776
5021424
4915723
4237006
4207322
3857126
4457881
3770290
3935810
3712654
4407462
3997938
4293396
4025548
3945928
5222693
3833563
4615372
4438663
4575534
4481990
4287432
4271002
4752894
4523630
4495754
4461811
3766184
4211974
4859139
4416278
4560163
3909245
3878014
4034975
3852596
4390560
4618834
3856472
4570503
4533835
4592269
3718756
3911959
4556923
4324485
3649590
5005501
3774404
4778012
4684361
4650649
4317502
5066986
4268954
4156563
3835255
4644149
3988132
3660487
4549015
4649341
3985627
4243018
5000345
4685967
3766251
3660834
3809386
4146132
4969253
4542430
3809629
4573350
4644392
4554882
4163888
4840626
4907581
4485786
3878652
4294732
4029757
3853962
4242790
4358491
4615905
4715992
4161308
4587435
4620486
5012519
4007032
4543058
4017296
4438745
3831495
4628469
3862277
3947594
4539017
5065851
4516557
4015999
4628911
4773313
4496004
4557595
4403867
3740755
4684481
4889052
4848551
4302593
4811791
4447358
4211645
3817861
4695008
3874417
4639963
4693913
4224388
3588825
3675767
4512036
4471600
4376318
3606674
4299459
4314020
4194313
3756933
5028600
4919652
3720000
4871750
4687239
3683686
4602253
4443396
4076811
3986408
3972789
4030466
4283866
4132424
3821903
4621969
4066434
5008332
4605088
3699130
4347047
3765142
4684057
4146240
4283355
3607046
4244432
3595434
4970936
4237962
4296646
4687878
4309674
3729825
4443729
4185605
3884749
4553058
4477322
5019813
4491941
4285186
4627324
3806893
4362998
4682036
4742803
4396330
4841576
4625710
4669975
3733631
4166059
4375855
4481521
3719548
3818045
4408168
4243121
4428313
4504801
3938974
3730563
3629067
4344773
4367695
3635905
4577244
4463227
4512849
3703560
5006400
4890526
4257108
4692651
4579491
4540831
4179351
4280995
5063774
4896740
4412600
4326845
4170420
3901285
4293251
4842665
5001761
3821012
3620387
4559303
4151583
3795314
3775613
4467774
4583075
4531479
3953508
4337432
4522230
4329177
4679734
3616115
3642486
3958420
5059158
4229325
4017826
3747529
4458243
4584978
4671759
4510548
4665125
3777976
4034285
4563706
3859365
3559462
3752357
4201714
4454172
4272257
4520251
4145269
4397335
3772617
4426916
4772811
4141364
4377032
4617228
3604343
3808797
4885134
3837490
3769760
4601121
4545147
3587673
4357067
4101343
3743674
4747849
4289062
5064232
4811350
4340069
4335931
4362803
4363932
4582537
4035980
4631977
4339944
4574752
4558938
4497190
3627257
4651831
3842326
3649006
4745919
4083674
4817559
4416316
3905348
4109494
3627920
5035898
4529566
5014892
4332382
3618221
4100249
4202762
4897614
4250450
4933080
4582130
4334726
3945235
4381948
3823047
4283782
4592787
3698934
4147932
3779456
4775565
4062415
4292701
4486153
4646979
3634353
4323602
4960650
3995482
4810494
4442872
4216552
3979949
4345674
4557690
4675716
4653839
5008862
4969938
4655230
4902271
5012924
4574844
4685879
4597945
4459070
4151781
4151382
4617876
4886334
4660939
4377146
3943283
4620853
4248476
4242440
4632389
4303517
4554087
4238191
4302958
4635664
3599592
4542785
4560457
3573189
4151122
4164544
4573850
5222781
3783481
4038106
3720426
3702795
4953091
4088186
3780352
4476629
3832638
4633304
4393238
4961579
4401705
4063575
3644557
4682784
4555239
4294844
3916088
4885811
4524515
4173935
4829074
4531386
4403051
4694499
4668275
4278105
3823345
3942043
4428530
3861595
4641951
3834318
4298137
3774345
4291432
4388537
4353366
4344161
4335848
5038193
3586950
4634923
4023281
4817164
4480458
4652372
4536668
4475774
3976800
4450868
4545985
4500998
3768042
3582468
4369468
4909278
4305841
4041048
3718529
4828208
3658254
4579213
4177215
4425593
4727513
4301457
3921495
3625009
4499738
3699208
4457682
3856177
4212544
5010502
3968993
4545459
4513221
4196683
4280298
4323522
4438629
4273371
3669981
4544203
4064203
4224580
4657919
4642318
4170109
4521688
4221245
4791037
3720317
3780635
4507454
4456336
3794422
4546545
4281959
4177422
3600441
4340526
4529353
4223150
4775543
4542647
4656914
4294276
4245557
3742729
4424289
3657361
5016966
3851479
4295866
3575285
3906823
3964584
4630209
4550560
4699974
4583178
4085488
4614059
4074679
4261270
4410725
4956821
3615421
4146175
4646366
4527582
4605467
4144642
5068260
4038348
4122490
4522668
4259590
3974917
3932376
4464721
4554783
3950877
4620926
3973408
4340403
4431422
3896372
4275425
3687406
4921342
4920475
3621333
4632900
4519988
4545496
4574774
4501334
3638930
5013695
4125556
3565969
3668232
4452098
4287416
4202285
5010018
3826510
3694867
4107405
4669433
4558923
4391630
4451306
4235532
4461449
4520525
4347029
4678254
4294299
4640501
3763586
4113884
4505211
4637275
4551884
5029038
3816928
4918349
4820037
3863769
4603081
4624381
4513412
4322715
4823020
4150032
4610200
4470511
4430734
3745236
3893816
3792158
4614568
5068665
4580548
3578696
4899610
4162958
4112323
4584432
4515934
4312285
4461658
4653978
4758233
5032202
4652459
4000921
4912242
3614934
4577868
4206386
4581321
3688603
4417729
4444351
4055593
4545806
4938075
4479975
3769876
4600863
4437106
4512883
4129331
4351321
4680929
3914366
3989126
4633251
4559586
5013452
4004321
4419381
4689256
4638818
4553027
4445026
4687031
4061545
4667011
4650560
4261300
4412803
4509245
4235991
4256692
4435081
3835539
3742238
4550986
3977622
3796476
4256658
3721340
4178402
4674365
4452467
4252855
4427090
5064367
4507743
4240816
4356539
5046735
3749935
4610962
4423311
4583176
4112811
4384109
4590422
4444413
4625569
4690430
4083727
4515497
5006336
4334963
4549416
4593626
4580174
4248739
4219778
4695998
4720015
4357341
4652532
4212462
4560670
5050521
3766407
4499235
4603869
4540372
4602625
3661224
4655812
4680071
5049277
4500698
4514839
4122548
5000761
3673120
4956030
4658536
4403474
4086443
4255549
4249099
4687114
4573899
3917095
3765665
4959300
4499919
3979929
4009830
4579533
4368720
4491576
4029365
4443658
4361764
4677063
4595112
3734208
4448953
4024764
4085316
4212284
3929050
5003113
4369215
4389758
4513753
4426128
4484301
3900084
4578209
4553111
4372176
4278145
5031926
4087396
4376605
4441703
4268288
3755682
4122771
4626589
4585376
4351545
4363590
4345202
4290919
4606662
3797735
4098606
4549526
4347111
4118021
5046783
3918221
3678180
4379695
4302285
4301177
4021546
4446742
4041872
5050030
4672489
4025526
3667583
4513726
4348714
4316614
4311673
4681930
4582563
3750896
4546549
4858764
4574045
4841837
4697790
4486628
4446472
4226087
3900790
4292623
4546163
3772489
4237591
4217747
4609091
4593846
3676097
3858067
4882274
4542688
4454263
4227410
4232699
4317790
4686925
3742540
4328415
4520446
4089655
4632497
4140625
4911233
4798913
4317397
5222073
4858627
4632335
3939998
4384471
4341229
4378720
4116298
3863615
4494939
4640277
3594545
4627850
4092728
4664882
4491367
5058804
4334420
4435789
4214336
4551024
4522434
3837133
4556858
5050867
4614549
3959493
4688238
4822559
4219511
4057247
4380657
4619980
4141566
4128056
4561349
4484893
3595895
4169957
3906043
4599192
4426761
4144318
4183384
4911293
4911701
4921088
4690495
4424181
4604625
4562772
4384831
5005129
4697911
4433685
4893981
3662375
3951133
5060202
4173158
4874676
4690551
4461965
3633553
4343744
3920043
5009373
4571989
4550588
4316106
3899346
4530323
3762074
3872035
3724685
4617086
4355731
4557340
4591154
4628997
3928168
4336934
4795898
4294785
5013517
4289965
4089527
4512246
4972609
4685015
3574900
5072304
4149352
4132885
5007645
4605082
4846944
4240131
4917928
4075971
4153638
4084136
4460382
4573392
4496648
3706482
4477225
4109317
3914511
4381159
4255540
4880083
3891555
3915782
4265806
3768339
4238599
4884596
4968566
4402564
4417295
4511398
4351822
3594283
4390130
4895732
3972988
4323767
3675692
4155148
4370026
4307309
3809907
4536245
4420724
4545291
3648848
4623182
4581331
4536703
4431243
3866767
3803578
4623973
4308186
4474012
4681856
5035876
4246709
3805571
4389861
4015930
4524633
4528735
4328669
5222628
4211765
4595119
4595161
3791282
4537005
4299230
4123736
4084014
4696289
4840759
3904780
4286884
4504947
4627197
4293598
4227730
3702490
5019653
4552496
4662016
3955572
4465279
4679906
4574097
4254895
5001763
4541218
4874381
3753731
4073108
4532661
4437957
3941532
4575090
4524477
4219725
4461733
4588758
4430255
4417415
4954183
3956846
4670098
3656395
4425400
4565023
4599198
4579991
4041015
4344802
4407294
4180737
3794884
4170908
4209640
4176529
4579490
4630033
4077910
4377177
4671734
4516054
4593918
4626101
4599118
4684626
4618972
4231568
4370042
4692317
4655484
4868042
5026364
4469702
3774761
4238073
4616636
4423487
4276568
4399158
5068424
5062322
4555817
3647597
4859399
4652390
3696649
4873311
4404801
4371220
4123910
4613656
3751303
4469468
4534508
4795350
4835512
3915519
4104509
4008942
5002010
4157422
4348775
4912345
4685776
4397864
4471937
3789721
4262360
3858927
4669173
4557737
4005151
3995195
3989383
4094847
4367258
5015165
4257687
4152254
4363861
4139395
4434947
4549386
4846498
4052149
4478777
4090139
4123865
4655387
4433456
4617835
4085866
4423283
4639300
4556836
4585531
4808180
4054255
4036691
4587672
4523611
4393002
3934910
5017662
5010568
3700813
3925256
4918753
4442440
4527827
4162783
4574791
4646017
3960718
4597180
4540726
3854604
3793298
4403994
4271061
4471675
3589330
4162035
4623671
4638236
4693030
4165249
4696828
4396167
3561501
3694404
4399732
3847777
3852697
4655112
4376491
4963853
4365526
3594056
4492280
3966930
4387896
4393681
4416588
4363926
4469906
3688164
4074696
4253309
4276730
4479383
4652220
4933494
4031269
4317381
3841241
4668609
3777017
4395431
4802460
4102214
3633651
4662330
3641968
4164607
3907159
4631695
4340708
3594964
4369638
3626154
3585446
4336030
4461440
5025271
4112356
4965515
4154843
4158234
4599253
3630913
4630029
4878670
4399438
4181167
4496125
4461372
4627370
4323993
3866229
4147629
4672012
4969960
4351750
4604923
3731247
5007519
5026476
3750315
4103456
4410168
4624240
5220777
4694699
3966830
4181549
5014116
4188147
5067837
4078632
3934211
3679211
4661493
3881533
4213264
4450676
3608525
4969630
5002145
4071129
3828379
4642406
3602990
4596216
4909596
3817817
4951655
3602411
4623037
4662661
3742525
5007864
4021785
4358659
3617795
4580420
3756605
3704203
4443122
4072661
4024880
5014419
4165250
4390651
3589224
4381481
4635934
4098669
4365473
4810528
4260362
4638056
4637703
4160233
3631481
4211548
4404224
4962823
4593775
4221790
4384061
4554068
4620601
4361611
4630685
3796145
4374157
3695988
4684199
4029636
4547668
4891473
4359588
3756765
4673353
4665394
4524095
4669633
4619971
4829582
4584226
4470039
3735781
4338054
4418248
4527539
4392097
4089729
4182725
4687861
4686851
4804162
4340510
4540496
4852638
4347856
4892643
4399894
4129681
3927168
4845307
4384262
4172587
4210683
4268978
4668013
4635744
4669905
4837036
3988561
4346572
4951017
4383281
3718706
4182303
4694339
4669170
5011239
4481074
4579149
4296124
4629615
3957880
4631205
4523787
4846098
4523588
4317706
3693236
3569168
3805358
3697624
4358057
4281825
4552965
4167004
3605492
5040332
4141465
4455925
4745348
4414696
4339552
4892952
4842616
4950643
3860405
3718328
4538578
3732575
4589038
3684075
4610399
4536795
4643768
4829904
4697671
4771754
3748699
4643944
4493469
4175449
4475384
4502761
4098496
4078247
4009015
5002173
3915638
5074873
3795870
4011547
4690344
4608279
3706110
3584842
4356679
4277577
3911690
4331157
4348517
4618600
3683356
5021731
4672654
4650554
4407154
3832008
4662080
4214462
3817031
4640646
4886007
4616505
4617460
4600109
4581051
4626784
4861221
3624530
4645428
4548323
4697687
4374008
4656449
3768660
4376090
4053651
4622496
4334631
4041946
4561825
4664120
4696299
4118469
4555856
4651169
4116333
4966904
4289575
4261641
4820316
4508683
3685458
3778301
4120482
4385290
3617102
3608128
4718701
4834101
4445715
4293480
3739947
4699737
4236746
4627552
3841401
4697926
4057575
4290403
4581014
4067645
3895616
4354756
4274069
3859527
4588405
3577473
4407418
4359604
4272951
4458898
4596632
4970648
3912394
4344001
4193772
4205865
4285770
4285169
3708368
4800606
3820311
4657967
4611568
4830955
3853046
4810005
4740014
3796772
5063675
4602455
4586363
4311027
4603920
4215653
4561616
4505894
4920413
4216806
3914746
4296636
4633120
4543015
3599338
4179139
4633082
4549507
3933240
4219217
4561036
5026845
4511723
4507675
4363613
4323059
5010518
4386275
5024687
4459491
4683198
4454877
3676995
4042483
3778883
4505631
4523408
4604612
3727191
3999263
4689750
4376623
3920731
3653503
4009466
3830285
4594985
4613800
4639382
4688660
4375621
4465246
4475297
4591426
5072471
3712237
4895091
3870709
4692439
3929124
4372119
4620668
4819260
4540644
3970662
3625353
4106208
5003853
4867851
4597729
4544846
4502745
4545554
4609755
3768467
3748596
3948099
4508812
4260959
4181398
4533578
4557813
3736915
4632108
4085529
4506824
4179898
4143000
4480242
4123961
4326713
4553077
5024157
4353148
4294501
3946923
4331974
4488705
4264673
3751218
4090527
3898481
4159760
4652722
3795594
4493705
4616849
4569453
4471451
3958737
4585909
4382360
4686236
3572515
4323643
4808668
4502941
4605213
4735782
4604060
3818156
4349649
3869497
4245233
3836572
4024547
4048029
4207438
4345130
4319943
4119212
3750640
4675239
4594658
4770632
4579423
3692923
3801015
4631066
4642223
3629375
3576724
4606550
4826772
4683387
3636214
4682872
4432834
4055736
4144034
5003538
4629884
4209417
4884289
4772106
4351604
4553075
4082186
4078867
4489748
3583249
4416283
4823358
4362180
3751700
4550671
4910454
4176674
5014581
4243517
4428284
4498289
4184381
4580806
3810303
4091940
3796299
4603850
4450045
4719825
4339222
4369221
4430737
4628944
4308599
4251079
4240831
5220726
3625406
4392939
4435473
3890183
3671353
4611630
4478341
4622553
4289928
4469307
4299546
4890694
3709748
5072250
3990110
4666813
3819777
4525087
4307182
4624863
4385528
4022853
4305741
4097790
4251687
4558502
4638919
4552182
4319018
3755180
4669761
4114604
4427346
3699285
4242723
4224596
4922943
4250877
4371137
4516901
4641343
4536425
4846743
4349437
4623516
3982395
4285002
3829808
4645067
4208743
3829040
4907107
4636212
4669643
4382613
4538980
4971438
4503660
4229418
4589468
4648239
3952989
3799126
3704674
4187798
4558039
4642635
4892745
4582924
4280052
3714349
4793278
5006877
5220817
3914623
4640145
3799768
4406260
4699057
4385264
5007402
3780119
4410065
3949127
3893301
4501051
4093642
4771405
4224692
4395561
3644440
4646844
4305850
3720279
5023211
4664632
4220102
4542948
4513123
3796627
4428576
3811020
4878699
4812820
4554374
4619680
4141548
4558728
4300194
4550419
4492314
3679933
4732633
4606890
4642024
4143360
5039913
4518705
4837363
4070984
4551030
4525597
4243765
4685145
3740407
4131012
4545228
4247711
3725656
4218958
4921938
4061945
4698633
4327587
5046817
5001544
4580670
3897676
4797978
4560909
4846948
3704801
4033593
4044167
4770366
4616406
4551502
4404679
4641627
4403444
4661369
5002734
3679511
3665312
4549953
4880454
4459646
4019047
4541463
4667420
4647985
4695693
3738197
4560225
4647082
3709066
4665690
4357656
4473162
4355289
4288879
4694217
4783204
4181704
4610070
4292626
4578191
4831078
4344386
5023502
3827146
3801417
4590945
5068136
3798053
4420163
3577915
4645127
4383035
4585025
4407015
5072059
4619473
4271984
3654560
3619786
4618896
4670561
4470226
5009308
3658992
3635679
4089938
4063598
4541882
4968007
4500241
4680177
4633014
4165213
4600165
4442797
3573373
3742016
3951738
3654700
4194095
4685512
3914593
4344710
4580360
4496652
5003590
4316892
4971732
4681243
4902210
4176124
3661157
4498555
3942473
4090647
4513914
4732098
4674270
4456717
4436489
3836351
3873860
5003021
3672027
5001171
5024418
4735272
3615754
4638945
4511672
4840252
4564736
4191557
4140216
4042706
4353566
4159773
4542015
3638938
4259785
4170058
4376603
4011650
4422776
4257642
4858633
4724987
4656895
4032947
3856913
3578863
4506076
4197117
4577202
4425673
3585300
4246220
4157804
3992522
3700902
4824313
3599027
4153440
4339697
4550426
4188634
3928824
4642887
4902922
4453567
4373771
4580801
4336010
4435428
4420387
4316326
4890387
4899414
4534668
4115341
5032544
4327474
4656183
5069427
5030141
4467496
3704299
4553184
4412801
4214595
4384906
4485710
4559991
4610799
3797885
3675182
5025728
4475069
3845010
4174571
4252895
4663678
3792776
4137810
4079919
4459533
3986830
4892615
4656953
3972541
4661805
4059557
4050070
4447094
4648628
4836101
4612834
4149953
4066596
4623491
4460246
3593633
4027079
4403252
4438405
3673448
4313739
4067085
4610786
4084963
4606065
3971492
4657863
4616933
3843557
4831739
4257607
4090620
4845439
4684496
4663135
4120369
4514984
4474536
4559882
3670526
4715353
4504668
4580591
4653896
3737099
3905754
4575756
4772421
4620794
3564214
4286403
3720549
4628697
3852749
3994927
4621594
3928029
5005513
4589718
4654608
4562440
3978142
4346253
4665693
5005147
4425784
5013690
4656514
5064950
5013084
5018327
4452851
3756758
4698585
4789636
4735836
3698886
4479774
4507765
3983919
4778914
4599300
4289493
3910575
5013809
4377614
4219173
4328640
3902449
4665997
4598222
3712372
4611377
4553038
5027672
4600596
4476901
4891769
4831748
4268394
4632309
5076774
4462700
3790617
4843322
4907163
4605226
4698703
5029301
3871230
4581510
5071881
4671505
4290285
4582984
4408453
4591643
4102565
3645024
4591148
4705395
4452991
4966593
4635066
3694403
3738066
4914385
4251018
4486792
4429900
4547414
5021904
3878076
4135248
4663546
4260650
4348744
4620832
4363501
4297605
3611356
3773200
4655504
4601036
3842187
4254870
4148139
3985404
4666585
3690784
4236335
4258356
4387490
4570841
4335865
4580749
4591438
4580521
4627859
4742516
3829943
3587317
4599983
3633600
4667542
4281987
3986845
4208782
4423632
5013675
5023894
4576093
4086469
4519493
5015569
4428671
4444848
4363273
4598514
4240085
3815960
4030785
3760287
4415829
4410009
4592485
4244303
3906783
4423547
4869521
4365615
4898255
4623501
3818524
4644622
4189943
5006814
5057691
4608329
4872729
3938496
3650749
4376537
4865936
5043310
4580133
4868939
4270248
4242179
3837854
4100902
4456510
5002912
4879470
4671269
4542582
4869457
3940051
4618092
4341257
3848179
3735027
4247952
5062568
3595361
3708765
3891378
4650943
4410120
4339497
4834515
4471243
4617346
4523312
4959880
4464607
4527568
3768057
4572341
4951413
4956536
4835200
4149338
4919195
3880581
4332367
4117742
4791370
3840872
3634349
3937921
4660507
4459212
4649123
4508421
3822912
4884555
4652612
4621042
4353475
4029125
4802489
3645116
4233604
3700912
4055699
4366211
4393739
5073356
3633148
3933317
4933078
4624161
5045700
4579555
4014221
5011544
4212049
4329691
4267910
4380104
4694194
4591305
3899260
4419150
4656692
4578336
4289262
3871290
4492555
4614378
4276691
4294743
4656867
3789160
4532000
4061321
4274623
4376928
4401643
4583166
4069256
3960668
4412019
5022356
3710796
5026966
4278523
4451870
4381404
5069302
4294275
3809169
4141449
3560250
4209361
3873324
4359601
4369779
4333257
4626276
4581010
4557767
4562411
4910581
4408585
4506426
3988690
4445018
3880632
4664267
5006691
4268758
4456639
4637973
4479153
4281643
3722010
4437089
4461932
4167762
4397266
4223262
4162812
5070293
4521240
3678163
4660923
4183816
4076727
3748986
5222617
4619282
4152245
4678729
3599224
4455818
5072504
3917336
3564748
4436976
4471623
3988065
4470132
4618912
4523546
3805894
4385928
4303854
4697364
3881758
3618188
4094215
5017229
4751194
3643106
4832492
3976189
4551274
3918807
4672806
3643787
4102367
4427664
4954455
3935030
4209266
3879251
4592316
4412631
3790956
3899543
4602865
4432749
4441371
4690310
3659787
3869952
4392210
4563261
4831337
4555898
4308123
4450521
4078928
5027563
3756072
4625387
4659820
3697196
4607282
3858113
4910638
3971283
4557814
4647845
4212551
4524556
4528753
4394457
4577373
4766044
4344271
3978735
4961208
4650904
4503366
4471729
4560467
4503426
4631489
4935097
4561751
4617525
4871833
4789503
4509889
4370107
4771763
4130613
4420098
4271974
4495509
4892249
4902379
4271679
4264381
4587987
4482998
3646592
3608353
4171569
4615554
5011083
4860025
4321418
3824098
4960961
4022987
4882510
4020551
3735807
4580121
4849422
4377895
3730871
4881281
4302725
4410988
4518502
5015333
3930976
4838053
5012291
3574167
4593072
4299368
4612955
4076419
4588497
4674197
3572155
3832783
4208801
4545102
5034101
4613799
3808904
4420699
3869158
3793305
4306985
4894805
4468558
3753548
4605445
4694906
4391276
4594938
4965506
4946178
4663975
4113734
4554108
3755664
4028534
4407267
4518501
3958161
4685467
4947461
3584306
4415310
4662105
4777492
4785862
4547208
4599390
4577880
4573377
4879081
4411100
4344914
4430911
4528584
4193671
4636862
4675715
4790001
4563242
4292633
3674287
3619404
4617405
4542181
3834920
4179431
4894239
4308418
4514915
4369022
4386282
4805004
4802563
4532436
4561499
3771145
4582182
4554490
4528033
4611150
3887482
4199134
4391648
4463024
4471253
5008443
4371057
4946523
3558977
3828309
4454453
3609550
4579578
4904481
3911745
4416862
4198619
4682975
4627635
4461883
4369269
4686109
4638105
3830390
3895937
5045609
4019665
4143748
4826593
4657557
3669330
4637577
3854210
4348624
4596591
4028782
4476496
4721300
4136808
4261180
4626193
4600802
4693243
3641279
4152526
3731414
4663502
4377939
3873541
4244680
4534378
4525477
3817353
4514412
3898240
4655593
3910865
4625306
3763700
4535444
4490557
4036694
3855847
4549362
4729942
4429800
4334054
4592125
4686572
4649845
4565892
4350709
4442372
4379806
4531651
4074043
4105764
4225569
3560334
4215896
4363238
5221218
4758144
5060974
4027639
5020960
4338813
3762539
4310411
4637948
4130700
4285947
4443404
4051192
5014891
4699452
4698305
4677288
4164768
4593639
4575673
3730840
3632776
4550786
4525494
3668921
4202437
4484170
4513122
4362218
5010242
3686155
4170558
4086658
3965381
4676007
4623323
5006355
3777886
4602055
3927710
4694911
3709112
4892032
4185126
4219114
4462657
4258015
4373064
4232785
3736033
4397929
4957605
3846070
4907626
4138199
4617245
3831096
4345486
3953591
4379781
3836043
3561788
3667295
4643330
3905515
4225172
4199562
4808774
4132686
4426996
3959450
4665118
4677414
3981481
4326596
4278275
4064251
4359890
4398941
4613768
4501231
4202907
4818795
4433530
4339895
4340043
3949364
4515777
4938196
4030085
3619123
3597784
4425736
4611666
4667021
3907922
4585402
5013771
4558900
4090128
4354167
4076189
3728953
4919681
4485785
4686651
4166293
4411617
4444467
4584452
4493983
4295635
4238776
4247923
4839197
4659811
4912438
3659198
4012635
3994222
3836176
4636471
4823514
4499454
5021738
3694444
3883515
4735497
4454650
4325696
5222819
4887675
4171365
4459691
3798831
4636449
4509328
4811192
4431609
4167745
4388098
4137126
4088831
5220402
4918867
4409141
4404751
3819293
3636326
4533486
4969678
4695156
4965211
4951055
4460571
3879546
4532134
3632009
3863920
4887380
4371942
4507154
4231608
4870727
3872427
3672138
4527438
4617352
4578282
4408924
4624757
4398177
4080901
4330195
4210682
4592942
4790745
4052864
4496228
4340365
4054267
3827814
4515544
4750604
4602932
4561573
4314784
4008759
3591829
4211168
4399010
3985741
4640760
4642973
4087678
4048610
3706800
4871502
4617212
4345601
4544472
4476224
4196603
4871304
3889199
4107767
4667164
3802301
3586885
4809245
3873750
3694722
4633569
4276980
4523848
3751363
4714223
3963371
3783421
4547390
4599944
5062287
4606739
4287989
3687826
4634558
4365266
4455474
4321269
4300843
3876005
5075793
4248412
4036633
4718791
4535000
3737901
4270700
4321268
4902601
4188154
4380732
4654493
5003202
5006470
4610689
3734152
4160753
4881637
4479525
4236338
4541443
3926324
5049187
4340053
4459532
3844824
4559534
3980424
5003991
4660048
4496573
4517836
4612750
3816595
4697456
3773722
4793798
3916769
4687304
5029469
4853136
4807674
4839840
4029397
4234762
4789054
3785054
3931444
4506457
4207516
5006489
4611730
3890057
4460420
4561456
4479171
4886850
4510477
4326848
4557482
4636298
3704721
4579450
3874308
3885706
4518539
4385471
4753756
4406974
4652280
4273438
4431263
4563816
3746492
5071427
4616995
4102499
4559791
4447727
4303895
4255588
4098814
4054033
4358119
3881445
4615846
4074396
4414175
4431198
3908489
4153464
4112703
3585465
4954697
3591492
4558033
5001557
4617082
4222313
4541741
4408204
5014370
4083549
3776745
4799781
4688411
4559197
5222591
4792665
3839954
4530648
5003644
3952140
4319480
4438289
3971923
3673062
4548356
4921880
3858151
3651373
4006486
4552479
4178608
4625760
3579259
4353264
4809199
5072575
4546863
4339661
3945967
4762158
3871523
4614713
4030536
4685041
4575054
3718847
5021667
4073778
4173137
4681958
4371607
4874251
3889310
3904860
4805814
4526420
4426086
4664819
4436760
4547121
4520355
3730425
4810972
4915551
4659517
4240491
4111930
4784930
4629238
4430166
4846705
4196868
4412384
4768822
3980114
4370820
4629519
4698371
4597960
4639530
4650985
3591748
4745625
4540156
4217823
4524718
3994387
4233477
4392840
4681554
4031317
3789291
4966488
4383348
4388809
4690405
3740843
4317560
4097814
3903654
4068480
4451277
4590143
5017935
4501781
3781435
4298492
4331633
3808542
4602340
4887215
4388618
4500406
5024135
5047084
3638619
4121702
4513999
4492253
4635198
3562893
3868859
4207476
4818540
4044566
4884869
4219717
3980397
3633104
3870094
5221221
4518927
4892407
4449563
4129973
4375428
4084710
4255946
4640034
4181640
4016300
4691485
4530901
4438222
3719498
3957173
4340042
4664519
4773314
3868288
3700507
3886587
4597468
4433487
3695991
4618428
3826752
4437627
4913992
3780380
4613463
3770507
5008933
4558666
4607428
4321854
4576433
3721897
3924969
4480666
4299213
4560605
4637887
3580098
4544513
4116126
4064588
4543962
4171077
3667058
4555863
4456434
3805600
3981182
5010032
4636064
5006579
3957488
3777085
4515782
5071944
4813013
4556574
4690186
4582813
4652400
3763352
3648824
4660727
4135751
4599564
4514907
4154933
4963321
4024637
4393616
4372184
3634999
4259649
3872127
4148534
4355572
3786198
3885036
4476156
5015495
4536693
4966878
4563344
4558289
4353045
4951658
4435786
4553633
4864815
3956110
4182153
3722066
3914287
4593253
4641930
4326600
3838891
3912794
4672517
4055694
4280096
3974620
4909689
4363624
3959132
3917569
4668294
3934325
4679558
3857055
4637993
4163716
4726527
4678068
4660114
4410543
4843629
4051687
4593542
4558731
3810700
4598846
4646647
3989662
3840095
4882962
4785914
4802582
3711996
4234847
4339070
4226683
4692061
4597026
4621185
4011433
4381253
3653325
4810280
4656868
4846035
3878145
4531110
3762346
4698734
4435782
4537334
4816907
4586578
4856185
3685479
4443115
4319849
4190357
5014215
4406577
4551792
4153432
4595364
3828361
4175647
4583742
4325962
4326531
4532774
4481272
4086087
4380177
4257261
3662835
4539269
4835544
3896332
3790152
4575045
4654521
4528581
3601661
4413170
4541592
4403120
4644994
4401667
4618633
4452833
5020898
4080883
3705166
4110179
4506820
4383031
4276094
4816743
4655962
4225296
4389924
4247376
4534571
3870218
4126267
4469957
4626066
4327054
4691445
3977545
4160966
3909792
4459956
4645715
4368886
4048741
3741334
4664114
4666769
4355962
3925137
4361045
4178212
4299414
4671002
4023468
5003217
4522190
4130289
3713244
4469551
4525556
4501898
3938402
3702582
4664631
4290461
4617195
4041693
4644727
4541962
4586482
4682322
4206032
3894785
4323033
3637947
3683480
4533314
3897376
4385352
3638582
5058256
4327876
3827207
4346147
3707770
4611387
4623195
3772123
4528779
4145748
3656164
3687319
4378884
4191984
4741512
4183134
4383912
4842678
4666337
3599434
3742886
4101219
3931320
4280628
4492077
3600246
4394969
4064633
3582428
4412812
4421764
3708761
5005582
5012380
4020438
4016229
4547326
4579552
4133678
4501902
3812955
4010397
4484757
4757473
3768209
4539472
4213985
4836275
4380660
4691189
4512217
4536054
3575562
4358067
3885145
4556001
4512755
4680886
4647054
3928666
4630862
4733884
3983942
4332168
4099512
3633782
4193593
4829866
4096650
4630485
3905479
3836265
4578618
4679262
4411615
5071624
4538743
4471622
3761911
4404707
4312002
3848345
5013099
4605552
4183185
4966691
4890489
4349593
4681925
4273254
3944371
4510361
4582751
4590722
4302282
5018191
4387297
4635183
4357127
4555334
4036971
3933817
3770256
4064623
4635097
4646631
3936243
4099742
4830577
5043722
4621520
4534531
3698292
4185094
4641458
4317644
4300628
4690964
4722626
4475694
4608843
4638695
3628536
4681950
4728052
4674394
4052610
4613797
4412792
4241302
4224512
4487449
4382913
4348133
4527677
4094897
4675797
4777602
4611209
4573812
4559556
4087140
3761829
3639855
3921071
4192788
4558252
4106306
4672744
4484252
4608894
4803459
4026774
4696119
4528795
4832209
3830848
4484879
4647523
4401389
4686914
4129099
4490715
4561687
4380067
4681599
4367607
4644898
4149503
4539225
4496205
3872983
4403855
3797539
4621588
4488905
4970348
4698944
4615775
4639641
4399289
4633629
4194018
4218260
4653586
4681441
4400965
3663038
4370588
4615800
4042753
3792238
4114314
4328478
4210978
4472147
4617564
4593599
4453245
4401504
3635303
4249385
4294249
4123170
4530109
3584984
3581977
4220246
4514336
4400001
4422219
4604556
3812050
4564765
3940681
4633381
3748771
4684462
4191779
4221484
4188701
4692161
4699320
4921104
4695723
5000670
4290552
4007140
4503309
4793756
4292052
3887894
4141554
4326170
4508204
4781967
3906902
4562453
4858841
4202565
4406217
4537176
4450278
4544166
4273772
4742973
4521074
4393255
4585667
5068933
3671362
4957512
4688887
4335709
4086428
4396730
4055998
4392281
4969325
5068657
4256585
3695672
3673656
3837936
4136833
4512805
4529603
4113906
4144504
4506514
3991510
4073792
4471733
3820763
4194579
4508820
3658306
4361663
4671316
3972908
4531039
4495041
4764973
4694413
4005902
3579975
4204424
3836209
4264264
3943699
3657698
4178327
4606189
4641119
3953762
4213594
4116863
3781982
3689499
4370665
4298816
4694905
4647080
4319305
3636238
4521701
4597462
3625238
4382973
4197649
4606307
4421792
4398815
4849131
4933031
4328460
4525488
3643836
4290862
4698246
4688597
4500990
4189403
5003157
5222875
4685354
4506352
3582718
4739740
4331605
4509311
3711808
3756714
4513990
4549392
3666341
4876630
4227673
3864327
4418842
4534610
4264009
4314448
4009788
4249555
4410163
4103287
4474869
4338803
3740506
4449660
5053476
4508932
4972529
4468359
4815838
3713428
4888167
5030391
4667361
4642631
3919332
4317070
4613504
3996589
4597461
4208475
4516659
4916904
4564500
4518832
5051557
4221765
4568762
4652084
4350145
4667797
3876417
4386004
5066597
3917156
4631556
4490004
3871163
4694849
3916853
4277675
4446233
4852174
4639694
3588099
4589312
4366524
4609669
5001674
4453625
4038119
4496026
4437470
5018136
4483903
4570259
5007326
4573778
4299244
4355520
3664715
3695501
4717642
4285816
4469634
3587899
4536907
3756677
4240655
3580582
4682541
3737932
4147213
4089322
3885728
4144994
4431718
4657207
3851926
4454594
4692324
4373793
3627656
4690766
4428819
4815463
3987869
4286604
4195050
3596487
4689308
3771657
4386187
4534419
4587591
4644881
4345451
4821038
4502890
4404360
4252832
4850462
3905607
3610614
4673895
3748133
4354729
3781049
5014645
3749050
4691370
4366002
4259582
4387015
4154879
5073721
4681806
4623782
3942695
3775068
3662023
4127712
3945681
4468345
4228720
4518563
4545369
3602996
4523325
4315658
4133757
4584554
4614541
4390109
4558064
4212485
5022695
4540968
4321378
4968797
4403548
3642203
4539293
4610362
4688200
4564512
3846893
4456374
4398189
4593977
4723004
3824201
3670278
3716288
4228472
4560376
4133549
4049739
3589820
5046402
4514073
4629283
4582335
4425502
3830762
5056326
4421439
4804682
4917430
5022801
4681711
3926641
4529012
4320665
3566994
3768740
4895626
4508304
4159423
3644962
3735081
4594227
4338919
4336545
4280658
4349799
3874769
5016614
4519666
4001874
4420419
4512900
4635158
4372024
4528545
4311705
5221284
4884534
3817866
4299005
5021369
4399515
4220175
3591080
3723382
4668526
5039206
4689346
4667673
4276175
3711690
4557274
4445552
3685109
3821572
4117021
3840303
4350829
4349591
5053909
4517419
4275315
4844273
4346130
4259169
4375442
4559087
4952793
3834899
4830432
4581508
4511326
4789035
5001050
4505144
4581235
5222385
4708474
4339380
4516403
4473035
4580376
3875543
4444398
4252105
3905102
4578584
4006717
4783492
4828095
4143851
4841415
4565067
4605094
4194978
4144947
5076735
4366841
4797595
4451898
4838008
4272976
4830843
4373515
4912042
4729224
4605344
4096997
4301353
4506729
4758597
4126573
4133996
4053476
3632803
4201872
3912219
3708288
4525685
4466383
3865440
3891675
3950911
4175665
4628577
4787252
3744644
4159104
5004621
4755840
4260945
4337568
4648563
4621538
4317723
4469321
4428493
4171589
4396543
4463691
3772975
5016576
4323960
4557477
4510949
4003730
4364574
4407808
3931879
4263321
4869497
4654051
4641226
3981879
3770115
4667603
4110322
4732941
4665581
4400732
4343499
4644450
4571312
3803062
4440296
4598377
4549029
4574278
4273528
4631391
4827484
3667098
5005722
5007027
4785384
4409863
4544010
4402061
4010719
5048130
4044512
4598125
4343180
4132596
4437635
4618212
3997046
4645400
5220712
3817099
4627233
3896766
3650659
4169249
4960306
3778722
5059224
3849863
5058862
4843890
3932482
4535786
4285471
3927896
3993654
4168365
5071337
3943961
4481516
4488414
4371926
4687471
4698708
4553421
4632248
3702004
4237395
4531002
3652634
4520633
4648754
4477711
3767185
3576183
4306210
4265461
4425549
5010407
4638193
3819970
5042229
3973119
4674423
4310574
5014221
4790493
3579258
4425092
4413034
4161031
4640428
4495018
4635115
4448599
3911334
4246146
4479621
4352342
4546267
3666928
4034814
3842652
4652314
3981108
4345337
4606163
5008971
4640653
4656339
4917159
4147572
4523905
4323446
5055144
4660912
4423598
4642676
4662683
4323458
4605743
4390491
4650283
3840601
4632916
4581112
4447522
4364827
4655003
4841588
4667299
4550957
4053269
5024258
3688403
4447001
4412563
4462688
3937561
4347259
3682853
3838221
3661172
4686965
4447171
4902138
3982468
4452723
4653294
4648528
4389849
4450483
4893537
4629515
4075164
4162996
4291463
4074464
4638591
4343733
4574749
4495720
3751808
4607114
5027228
4085619
3918603
3675503
4491126
5015502
4409058
4647030
3612198
3912779
4589183
5001680
4213409
3666889
3717609
4899404
4341523
4415771
4247481
4601009
3744566
4594919
5221261
4641433
4672856
4019436
4663454
4203010
4084106
4956273
4348393
4164086
4464637
4663045
3676115
4574698
4578919
4142740
3961721
4651700
4428599
4769387
4599304
3733061
3707463
4867115
4293190
4681947
4617786
4677849
3612630
5013368
4684427
3726786
4440623
4546010
4619170
4456981
4912801
4328914
4871249
4143489
4124960
4496739
4613947
4572828
4080580
4066831
4498983
3636408
4895614
4209469
4360176
4459754
4399207
4400991
4562355
4443398
4565422
4410337
5000015
4213120
5006505
4594197
3846255
4177778
4829218
5013181
3785288
5045336
4896143
3935190
3620844
4646723
4368766
4577789
3894432
4220902
4362228
4455831
4539125
4795179
4699330
3764407
4596084
4365788
4628326
4662166
5021717
3949125
4880689
3557709
3825540
4534165
4257285
4118672
4042403
5220717
3642811
3579379
4574753
4520232
4208167
3731792
4409828
4633207
4355886
4488631
3643317
4389729
4692139
4671964
4314585
4255165
3763961
4629079
4526325
3932801
4900348
4214447
3856075
4894592
5038061
4682672
4838039
4345236
4531508
4458404
4542241
4824899
3928897
3715661
3995095
5221163
3712779
3933815
5016237
3693309
4037117
4509314
4422812
4491615
5029412
3567456
4598361
4211754
4604190
4484605
4161383
3693824
4232006
4335905
3698393
4612423
4001031
3953125
4169734
4640498
4831967
3759054
3650904
4365901
3832618
3999506
4203689
4543156
4201307
4269172
4848584
4253998
4405559
4737555
3853022
4622702
4552229
4489301
4531873
4333163
3847060
4030630
4530359
4425835
4477288
4386821
4963979
4872663
4432575
4116042
3780415
3993087
4222716
4449929
4626973
4128720
3927485
4864311
4679887
4911012
4699266
4669551
5061146
4161549
4596763
3776259
4582465
4695768
3591878
4653097
4903433
4697813
4583460
4380083
4144826
4933482
4688373
4699403
4916145
4667857
5003305
4971251
4837964
4332122
4714160
5025226
4878822
3995235
4801594
4269682
4527721
4609527
3954123
5069188
4830970
4497151
5014894
4544802
4576811
4319572
4902845
4965995
4111748
4352630
4578574
4858430
4911850
4257713
3578995
3626711
4642515
4853415
4601620
4407456
4400650
4192660
4575593
4246825
3738708
4559448
4660492
3709080
3760132
4073141
4575137
5016419
3850396
4327532
4587390
4890996
4238335
3670714
3723482
4562997
4250185
4232424
4631157
4350250
4377942
4053597
4534536
4587998
4650442
5004408
3711513
4690795
4687614
4533475
4651322
4353476
4592520
4489665
4351966
4829675
4544143
4553683
4854565
4505662
4588236
4683688
4432762
4841388
4711416
4336531
5011358
4223246
5014585
4001071
4541862
4507839
4046611
4699109
3588413
4424082
4260732
4179540
5076583
4619273
4611844
4796360
3652556
4002982
4623354
4322664
4204667
4045187
5044871
4363277
4221385
4180066
4693629
4460692
4635309
4551407
4194442
4591322
4327456
4887661
5033301
4759422
3616340
4967356
3695611
3833810
4248462
4085400
4972939
3651498
4018124
4554880
4805748
4183992
4664553
4673478
4602961
4444638
4556842
4641903
3917599
3987417
4288701
4649640
4966913
4542924
3895097
4632725
4565560
4452078
3996259
4774612
4491280
4186482
4180394
4172073
3694126
4219266
4634348
4184599
4440545
4885855
4612109
3885712
4669501
3565423
4691622
4680306
4376827
4880718
4334485
4366380
5006219
3675636
4867765
4403376
4857319
4528146
4249589
4355729
4534217
4128555
3931438
3896715
5010556
3727346
4421563
4001266
4693051
4595948
4496535
4494010
3960983
4332040
4678149
4459924
4606177
4968607
4552051
4486468
4460982
4279314
3743273
4819911
3597282
4140429
4477039
4269447
3834391
4470760
4347797
4159719
3895664
3634975
4624581
4510294
3807478
5066652
4054096
4025734
4562501
3596735
4334847
4507871
4947155
3849823
4061123
4315903
4141322
4620522
3648272
3574909
4649428
4683444
4793890
4549468
4444670
4074720
3953941
3668832
4598093
3602134
4093316
4595231
3711999
4468088
4391483
4808363
4341665
3963746
4641847
4635589
4054475
4411975
4204526
4272894
4640102
4259268
4270695
4111070
4370111
4685306
4653185
4418971
4349684
4632391
4954261
4610329
4584110
4387847
4505640
3784630
4475184
4406768
4322711
4085703
4478436
4536731
4274364
4528861
4192216
4631196
4352127
4597324
4892560
4551969
4633142
3623743
4318580
3799920
4899986
3964895
3559558
5012387
4029828
4450601
4577280
4669839
4144533
4432686
4923072
4017472
4621545
4844924
4626492
4087545
4158738
4598102
4316652
4066996
4534517
4798570
4557674
3653850
4013490
4662334
4553384
3573961
3773436
4089407
3841381
5035596
4714786
3578795
4510290
5052471
4532318
3754443
4452989
4572645
4617240
3800657
4611849
3739928
3856665
3609134
4969828
4286791
4893824
4189839
4391561
4217846
5044483
5063472
4180598
4555728
4481484
3911598
4538426
5059832
4279876
4525654
3664087
4691563
4694010
4686655
4208297
4506450
4661175
4172184
4191963
4187915
4589662
3991983
3978616
3762868
4677646
4492947
5004331
4029942
4172766
5068785
4307799
4681773
4313353
4482238
4406484
4437068
4895923
3883340
4438848
3810627
3694240
4403562
4405280
4463199
4261117
3941111
4693514
4523191
4266937
3594453
4657955
4522123
4131129
4589223
3632766
5002962
3619898
3918257
4664792
4674893
4174796
4374158
4463178
3583350
4515152
3863230
3633538
4260865
4369248
4279810
3779795
5020691
4611052
3692377
4518855
4068924
3722426
4678639
3700230
4524952
4242420
4436668
5026231
3734257
4144954
4329499
5028617
4352813
3677757
3910939
5061209
3861500
4536630
3840394
4364355
4517677
4618606
3916942
3950351
3692192
4660342
4621073
4366377
4352463
4220485
4636069
4446950
4389549
4156647
4035024
3874913
4513502
3696056
4964070
4622303
4965028
4787989
3866750
4409184
4393862
3605654
4279430
4406922
3588234
4596151
3704466
4603012
3895121
4319183
4328205
4005264
4969544
3795869
4556371
3842247
3588802
4006106
4158156
3842106
4585465
4410924
4415438
4534421
4595461
4805239
3792603
4390706
4110962
4565043
3668078
4482907
4543731
4684965
3683860
5064233
4005861
3946213
4046050
3706101
4590255
4859689
5026854
3991042
4518351
4468768
4422349
4672553
3605427
4837831
4834158
4057000
4330280
4306563
3971008
3839857
4692830
4640581
4415683
4663716
4517469
4833911
3762041
4304837
3867151
3600414
3627709
4391495
4151102
4894730
3585299
4498117
3809186
4904219
4403224
4139101
5016276
4419841
4664348
4303583
4666449
3587898
4545648
4155286
4328533
4514109
4282007
3845322
4479641
4559678
3638313
4853599
4298830
3590987
4332100
3654200
4529382
4591934
4518268
3669549
4458870
4277794
4186556
4666626
4622210
3937790
4810614
4411475
3957185
4635591
4885663
4202455
4655464
3714834
3602036
4141789
5018677
4100035
4590251
4295341
4115707
4318599
4350661
5013237
4666650
4349337
4431235
4350566
4054530
4531473
4755133
4107375
4893368
4643934
4398639
3858304
4445755
4585818
4068534
4718224
4311559
4630020
4407729
3893297
4495451
4473691
3927696
4878282
4455945
4514261
5008803
4957658
4535886
4537322
4968188
4181752
4465861
4388813
3808661
4217787
3895827
4430110
4353504
4333604
4966995
4469771
4079098
4461283
4462558
4490277
4271223
3802309
4622577
4140942
4111976
3899702
3599294
5073203
4825916
4462831
4484185
4040296
3995481
4229674
4362478
4570477
4449647
4458459
4713986
4300841
4550928
4909619
4352935
4830058
4473028
4660813
4428719
4385402
4256062
3722258
4971918
4645072
4835190
4532353
4523008
4616837
5005301
3671604
4592361
4667441
4065442
4351373
4645442
4530684
4638607
4487114
4352142
4889560
4592076
4635707
4482391
4577956
3655415
4074101
4413401
4465203
4486887
4156774
3944325
4199413
4459934
5016905
4572270
4251144
5013705
4252942
4848498
3810557
3992070
4249973
3649091
4599708
3856582
4674704
4439793
4338889
4149706
5016528
3596139
5053622
4589179
4508339
4952332
4045006
4443456
4814317
4683210
4543998
4627976
4279179
4290909
3568456
4353967
4272081
4452620
4411937
4032130
4914384
4542887
3605415
4614199
4731417
4499614
4627819
3729382
4687479
4535936
4510760
5069410
4672456
4200055
4229306
4456332
4381408
3824487
3979584
3975336
4313914
3848497
4758779
4150427
4133855
4194733
4370962
4115779
4230003
4595822
5069796
4271978
4138547
4900289
3830254
4564221
4596952
4374671
3759830
4683230
4182967
4202195
4537564
4704756
4880552
4614569
4325605
4502685
5005822
4580161
4634636
5009717
4190955
4657404
4169598
4555260
4098495
3944546
4446074
4512475
4015654
