823586
856096
900671
951887
980343
234064
252406
274465
746734
421667
457502
734467
578778
594150
689792
617692
652956
720105
690811
722300
722301
761122
773909
684028
689373
689627
689653
689787
685457
689395
566741
6232
21801
23485
33261
129917
503994
511355
514596
535336
543917
567158
561140
564810
769696
777248
790330
814698
821119
822371
834458
857429
863129
961751
759434
820624
188934
199041
209067
516661
967927
981717
987243
995249
73242
171384
171763
175884
176700
184377
207755
207984
216787
222821
228456
330097
336761
352308
356957
368052
418988
825486
842195
900965
947115
955574
972632
2003821
2005295
2006319
2015789
2021707
2027259
2027792
2030213
2033131
2033184
2033338
2034635
2035597
2035902
2038063
2038951
2046231
2049317
2113441
2064392
2078779
2092952
2096404
2101962
2103854
2116807
2118560
2119466
2120574
2121906
2124405
2126856
2128071
2131234
2134828
2135427
2140915
2141158
2150894
2152133
2153651
2159863
2160721
2161015
2161745
2162386
2165130
2166267
2170824
2226400
2226875
2227598
2227953
2228360
2228411
2228435
2229179
2229208
2229259
2229327
2174602
2174777
2176211
2176780
2176844
2177423
2178030
2178226
2178277
2178845
2179087
2179297
2179433
2179709
2179747
2179891
2180097
2181095
2181351
2181901
2182138
2182602
2182630
2182829
2182931
2183048
2183162
2183708
2184217
2184227
2184449
2184799
2184971
2184982
2185588
2186027
2186083
2186127
2186469
2186946
2187043
2187478
2188046
2188126
2188364
2188373
2188491
2188924
2188925
2188947
2189674
2189679
2189903
2189943
2191606
2191674
2191794
2192827
2193022
2193224
2193259
2193764
2193908
2194572
2195447
2196030
2197391
2197427
2197461
2197570
2198014
2198926
2198980
2199066
2199155
2199650
2199824
2199836
2200661
2201149
2201162
2201185
2201200
2202385
2202710
2202808
2203000
2203286
2203441
2203986
2204045
2204115
2204548
2204647
2204931
2204996
2205195
2205251
2205577
2205595
2205797
2206239
2206253
2206583
2207353
2207518
2207769
2207790
2207833
2208216
2208286
2209786
2209794
2211072
2211314
2211882
2212074
2212203
2213133
2213743
2214091
2215510
2215699
2215879
2216308
2216368
2216544
2217197
2217981
2218474
2218567
2218746
2218818
2219008
2219400
2219766
2219796
2220191
2220273
2220901
2221361
2221423
2221436
2221657
2222083
2222311
2222523
2222543
2222789
2223334
2223703
2224079
2224411
2224724
2224986
2225122
2225285
2225414
2225450
2225737
2225915
2226190
2253534
2255366
2270466
2270909
2270949
2271790
2271881
2271904
2271912
2271948
2272501
2272719
2272804
2229438
2229467
2230541
2230576
2230792
2231323
2231565
2231732
2231773
2232139
2232174
2233212
2233769
2233931
2234488
2234489
2235061
2235553
2235826
2236116
2237136
2237489
2237698
2237912
2238193
2238546
2238945
2239765
2240135
2240525
2241009
2241371
2241545
2242296
2242764
2242786
2243021
2243298
2243617
2243633
2243662
2243678
2243899
2244050
2244332
2245340
2245373
2245634
2246038
2247908
2248315
2248660
2248751
2249192
2249508
2250129
2250419
2250852
2251901
2252099
2252371
2252535
2252657
2253273
2253817
2253898
2254362
2254408
2254416
2254534
2254537
2254596
2254774
2254847
2255468
2255564
2255856
2255974
2256160
2256460
2256741
2256935
2257084
2257347
2257620
2257624
2257935
2258101
2258606
2258806
2260511
2260848
2261453
2262328
2262481
2262596
2263237
2263874
2264003
2264985
2265243
2265370
2265419
2266035
2266417
2267049
2267232
2267784
2267793
2267850
2268112
2268549
2268704
2268792
2268838
2269059
2269509
2269829
2270101
2270146
2271208
2273290
2273598
2273736
2274077
2275498
2275686
2276205
2276812
2277416
2277741
2278017
2278033
2279387
2279523
2279548
2279726
2279830
2280078
2280383
2280495
2280520
2281537
2282004
2282640
2282872
2283358
2283427
2283697
2283814
2284169
2284373
2284378
2284488
2284780
2284817
2284832
2284981
2285445
2286122
2287300
2287560
2287832
2287914
2288364
2288605
2288612
2288653
2288746
2288992
2290183
2290441
2290491
2291283
2291300
2291364
2291412
2291495
2291537
2291709
2291799
2292126
2292732
2293030
2293338
2293346
2293741
2294140
2294223
2294578
2294947
2295156
2295246
2295397
2295557
2296139
2296309
2296514
2296662
2296782
2297056
2297138
2297567
2297996
2298158
2298234
2298335
2298529
2298869
2299049
2299107
2299187
2299421
2299600
2299618
2299993
2301102
2301188
2301275
2301589
2301715
2302296
2302382
2302428
2302446
2302627
2303493
2303640
2303759
2304200
2304651
2305389
2305432
2305602
2305605
2305648
2305799
2306298
2306393
2306412
2306449
2306591
2306638
2306684
2306699
2306812
2306886
2307339
2307431
2307850
2308383
2309203
2309564
2309875
2310017
2310206
2310605
2311039
2311809
2311988
2312014
2312227
2313114
2313128
2313458
2313467
2313737
2314207
2314281
2314510
2314730
2314999
2315037
2315428
2316055
2316375
2316753
2317509
2317906
2318521
2318692
2318874
2318932
2318938
2319383
2319508
2319738
2319840
2319985
2320014
2320245
2320324
2320713
2320768
2320876
2320985
2321328
2321469
2322009
2322408
2322458
2322709
2322730
2322819
2322820
2323017
2323531
2323643
2323722
2324295
2324319
2324679
2324763
2324790
2324791
2324803
2324898
2324902
2325323
2325661
2326080
2326317
2326473
2326603
2326726
2326739
2326796
2326898
2327015
2327889
2328102
2328118
2328460
2328464
2328549
2328629
2328657
2328699
2328742
2328756
2328836
2328935
2329329
2329657
2329701
2379968
2379990
2380207
2380239
2380479
2380586
2380946
2380999
2381346
2381421
2381684
2381832
2381940
2382047
2382578
2382986
2383538
2383540
2383564
2383916
2384254
2329900
2330001
2330091
2330125
2330186
2330376
2330833
2330906
2330930
2331048
2331308
2331421
2331497
2331510
2331742
2332325
2332529
2332971
2333069
2333080
2333585
2333660
2334063
2334267
2334436
2335233
2335256
2335354
2335617
2335825
2336157
2336327
2336362
2336572
2336687
2336897
2337159
2337292
2337601
2337868
2338044
2338241
2338283
2338574
2338854
2338940
2339137
2339195
2339346
2339552
2339961
2340165
2340175
2340644
2340678
2340775
2341410
2341449
2341475
2342112
2342483
2342532
2342572
2342605
2342676
2342964
2343043
2343316
2343941
2344070
2344100
2344133
2344643
2344686
2344726
2344760
2344995
2345013
2345521
2346037
2346147
2346293
2346398
2346411
2346461
2346481
2346605
2346664
2347003
2347019
2347134
2347542
2347717
2347940
2347987
2348067
2348229
2348256
2348297
2348414
2348802
2348865
2349825
2349961
2350044
2350048
2350153
2350624
2350777
2350814
2351034
2351181
2351334
2351658
2351759
2351782
2351789
2352109
2352218
2352300
2353186
2353311
2353337
2353406
2353760
2353781
2353831
2353833
2353860
2354000
2354003
2354166
2354972
2354981
2355130
2355156
2356088
2356165
2356405
2356517
2356606
2356855
2357121
2357403
2357417
2357606
2357691
2358219
2358298
2358482
2358501
2358732
2358900
2358927
2358933
2359071
2359099
2359187
2359305
2359357
2359696
2359916
2360129
2360204
2360255
2360460
2360761
2360805
2360882
2360884
2361026
2361265
2361297
2361345
2361373
2361572
2361957
2362143
2362492
2362923
2362964
2363052
2363148
2363381
2363459
2363829
2363861
2364033
2364062
2364161
2364247
2364451
2364457
2364731
2364796
2364858
2365071
2365139
2365173
2365202
2365210
2365745
2365801
2365824
2365906
2366019
2366163
2366456
2367214
2367699
2367733
2367851
2367912
2368071
2368427
2368679
2368790
2369062
2369671
2369685
2370009
2370049
2370498
2370613
2371018
2372716
2372730
2372762
2373005
2373031
2373323
2373488
2373579
2373629
2373760
2373935
2373942
2374132
2374304
2374482
2374598
2374621
2375053
2375704
2375733
2375785
2375803
2375855
2376040
2376065
2376152
2376522
2376778
2377232
2377338
2377453
2377890
2378339
2378757
2378800
2378955
2378970
2378976
2379154
2379203
2379412
2379419
2427518
2445619
2445667
2445686
2446135
2446218
2446917
2447010
2447342
2447500
2447597
2447602
2447977
2448169
2448179
2448387
2448575
2448583
2448612
2448818
2448901
2384384
2384432
2384747
2385855
2385873
2385989
2386070
2386827
2386922
2386935
2387107
2387117
2387225
2387313
2387647
2387796
2387848
2388028
2388811
2389118
2389194
2389240
2389451
2389760
2389834
2389882
2390052
2390362
2390666
2390956
2391239
2391280
2391458
2391498
2391749
2392337
2392417
2392514
2392544
2392644
2392813
2392935
2393127
2393181
2393387
2393558
2393639
2394660
2394812
2394960
2395272
2395418
2395456
2395723
2395849
2395874
2395952
2396009
2396247
2396280
2396478
2396787
2396962
2397049
2397163
2397470
2397695
2397991
2398082
2398298
2398336
2399076
2399125
2399485
2399533
2399539
2399597
2400126
2400238
2400302
2400356
2400630
2400683
2400714
2400851
2401018
2401070
2401133
2401415
2401544
2401835
2402216
2402559
2402596
2402631
2402713
2402885
2403410
2403512
2403731
2404038
2404041
2404072
2404114
2404406
2404520
2404721
2404762
2405150
2405152
2405367
2405487
2405587
2405707
2405905
2406000
2406140
2406520
2406554
2406647
2406807
2406860
2407012
2407162
2407234
2407590
2407597
2407638
2407649
2407862
2408696
2408764
2409013
2409177
2409259
2409342
2409458
2409651
2409802
2410002
2410066
2410265
2410411
2410572
2410879
2410941
2410970
2410971
2411079
2411364
2411379
2411429
2411580
2411761
2411839
2411870
2411988
2412056
2412301
2412955
2413030
2413074
2413224
2413649
2413672
2413768
2414231
2414601
2414785
2415062
2415101
2415250
2415305
2415321
2415478
2415502
2415508
2415580
2415620
2415749
2415848
2416505
2416591
2417190
2417238
2417253
2417450
2417824
2417878
2417892
2417911
2418159
2418221
2418298
2418334
2418666
2418742
2418959
2419189
2419371
2419575
2419620
2419874
2420191
2420360
2420393
2420465
2420523
2420540
2420726
2420854
2420876
2421069
2421165
2421171
2421397
2421511
2421775
2421924
2422174
2422539
2422865
2423054
2423061
2423114
2423559
2423567
2423580
2423612
2424349
2424385
2425323
2425489
2425617
2425961
2426003
2426213
2426416
2426451
2426475
2426554
2426691
2426838
2426863
2427086
2427109
2427389
2427474
2427728
2427742
2427891
2427938
2428122
2428176
2428457
2429085
2429268
2429435
2429571
2429906
2430145
2430395
2430707
2431107
2432114
2432159
2432299
2432303
2432383
2432496
2432561
2432862
2432868
2432923
2433044
2433114
2433130
2433340
2433878
2434378
2434609
2435603
2435829
2435849
2436445
2436709
2437138
2437230
2437342
2437699
2438044
2438123
2438365
2438427
2438457
2438703
2438839
2438864
2438934
2438974
2439197
2439412
2439448
2439491
2440305
2440557
2440678
2440887
2441374
2441912
2442230
2443103
2443159
2443656
2444151
2444329
2444395
2444421
2444427
2444505
2444809
2444816
2445146
2445159
2449225
2449890
2450007
2450358
2450406
2450427
2450597
2450754
2450771
2450978
2451044
2451064
2451312
2451406
2451455
2451556
2451662
2452258
2452313
2452555
2452961
2453292
2453717
2453839
2453880
2454000
2454512
2454597
2454795
2454961
2455297
2455350
2455420
2455489
2455761
2455850
2455977
2456361
2456449
2456501
2456611
2456624
2457190
2457557
2457679
2457680
2457685
2458108
2458191
2458222
2458399
2458528
2458669
2458918
2459006
2459246
2459308
2459520
2459559
2459751
2459777
2459979
2460102
2460337
2460722
2460979
2461112
2461555
2461616
2461859
2461900
2461981
2462064
2462095
2462200
2462265
2462622
2463167
2463376
2463396
2463544
2463634
2463996
2464139
2464365
2464708
2464755
2464905
2464953
2465079
2465104
2465111
2465141
2465404
2465877
2466229
2466243
2466362
2466585
2466678
2466769
2467018
2467044
2467664
2467879
2467885
2468109
2468323
2468334
2468557
2468862
2468878
2469165
2469258
2469291
2469458
2469484
2469610
2469754
2469780
2470149
2470596
2470636
2470657
2470662
2470857
2470990
2471045
2471490
2471495
2471603
2471851
2471893
2471982
2472068
2472159
2472372
2472485
2472707
2472736
2472756
2472856
2473111
2473527
2473788
2473886
2473943
2474101
2474250
2474369
2474594
2474730
2474764
2474811
2475147
2475220
2475362
2475484
2475645
2475740
2475952
2476037
2476414
2476983
2477005
2477072
2477153
2477451
2477537
2477752
2478561
2478580
2478649
2478679
2478854
2478948
2479167
2479343
2479634
2480302
2480425
2480436
2480465
2480476
2480528
2481033
2481188
2481290
2481306
2481482
2481712
2481764
2481938
2481980
2482328
2482329
2482360
2482411
2482454
2482595
2482691
2482793
2483419
2483635
2483667
2483682
2484250
2484476
2484660
2484699
2484711
2484902
2484964
2485012
2485064
2485251
2485546
2485569
2485598
2485788
2485889
2486013
2486025
2486074
2486127
2486514
2486761
2486948
2487270
2487281
2487323
2487437
2487565
2487844
2487894
2488015
2488123
2488187
2488387
2488685
2488799
2488859
2489095
2489479
2489512
2489555
2489561
2489762
2489765
2489833
2489863
2490242
2490367
2490923
2490947
2490951
2490991
2491017
2491130
2491193
2491609
2491684
2491721
2491807
2491995
2492222
2492338
2492345
2492473
2492605
2492607
2492621
2492835
2492915
2493506
2493581
2493607
2493611
2493939
2494145
2494152
2494218
2494383
2495362
2495945
2496179
2496278
2496747
2496943
2497528
2497544
2498033
2498083
2498084
2498341
2498937
2499158
2499205
2499216
2499376
2499464
2499644
2499666
2499838
2500113
2500675
2501194
2501217
2501622
2502326
2502551
2502582
2502610
2502632
2502822
2502827
2502865
2503151
2503183
2503217
2503497
2503771
2503843
2504040
2504295
2504310
2504385
2504433
2504688
2504828
2504870
2505427
2505472
2505721
2505775
2505806
2505882
2506045
2506081
2506128
2506132
2506251
2506475
2506485
2506785
2506860
2506941
2507191
2507558
2508085
2508109
2508166
2508378
2508501
2508590
2508649
2508667
2508793
2508849
2508865
2508910
2509033
2509226
2509558
2509871
2510325
2510605
2510615
2510667
2510742
2511357
2511511
2511642
2511660
2511675
2511916
2511955
2512033
2512041
2512181
2512407
2512672
2512694
2512919
2513074
2513384
2513444
2513565
2513585
2513650
2513844
2513905
2528490
2549151
2555525
2510783
2514020
2514084
2514158
2514507
2514602
2514713
2514937
2515335
2515581
2515605
2516086
2516161
2516189
2516601
2516730
2516802
2517611
2518634
2518750
2518818
2519012
2519085
2519116
2519357
2519567
2519697
2519884
2519890
2519924
2520054
2520080
2520083
2520240
2520400
2520510
2520775
2521174
2521230
2521483
2522063
2522328
2522395
2522646
2522716
2522953
2523317
2523419
2523539
2523598
2523720
2523938
2524554
2524742
2525204
2525219
2526098
2526224
2526271
2526461
2526696
2526792
2526977
2527440
2527466
2527483
2527559
2527600
2527659
2527668
2527894
2527930
2528039
2528814
2528882
2528957
2529133
2529301
2529321
2529370
2529448
2529557
2529838
2529990
2530048
2530254
2530265
2530432
2530571
2530788
2531290
2531587
2532560
2532590
2532607
2532608
2532630
2532704
2532752
2532764
2532986
2533058
2533304
2533398
2533410
2533608
2533672
2533955
2534323
2534734
2534876
2534934
2535199
2535468
2535752
2535908
2536197
2536421
2536434
2536436
2536749
2536890
2536922
2537074
2537104
2537293
2537399
2537615
2537794
2537852
2538209
2538246
2538254
2538456
2538460
2538694
2538992
2539009
2539021
2539401
2539539
2539600
2539810
2539944
2540094
2540144
2540163
2540308
2540693
2540754
2540770
2540951
2540953
2541234
2541301
2541904
2542023
2542146
2542386
2542566
2542866
2542925
2543035
2543238
2543426
2543444
2543464
2543642
2543674
2543693
2543706
2543827
2543888
2543944
2544054
2544546
2544682
2544717
2544809
2545099
2545412
2545413
2545536
2545597
2546025
2546071
2546229
2546297
2546351
2546472
2546477
2546615
2546644
2546920
2547148
2547228
2547445
2547626
2547664
2547672
2547684
2548341
2548662
2548814
2548922
2548933
2548961
2549084
2549288
2549311
2549759
2549811
2549828
2550016
2550087
2550543
2550651
2550754
2550767
2550828
2551102
2551112
2551127
2551544
2551672
2551749
2551909
2551978
2552018
2552113
2552564
2552701
2552826
2553139
2553204
2553320
2553350
2553425
2553484
2553712
2553919
2554021
2554062
2554199
2554360
2554601
2554652
2555015
2555184
2555251
2555681
2555860
2555927
2555977
2555986
2556544
2556620
2556719
2556887
2557182
2557249
2557273
2557484
2557544
2557585
2557618
2557699
2557743
2558062
2558141
2558154
2558221
2558246
2558395
2558420
2558461
2558687
2559488
2559527
2559586
2559682
2559971
2560007
2560222
2560508
2560613
2560693
2560833
2560856
2560879
2560963
2561003
2561110
2561167
2561678
2561736
2561770
2562255
2562509
2562561
2563128
2563741
2563845
2563850
2563868
2563884
2564038
2564252
2564301
2564405
2564574
2564733
2564773
2564786
2564787
2565086
2565310
2565512
2565547
2565671
2565683
2565755
2565853
2565856
2565928
2565936
2566059
2566153
2566187
2566271
2566943
2567179
2567216
2567306
2567317
2567363
2567511
2567922
2568094
2568101
2568124
2568252
2568441
2568555
2568857
2569193
2569218
2569267
2569376
2569408
2569810
2569840
2570058
2570169
2570228
2570251
2570321
2570453
2570995
2571075
2571261
2571594
2571717
2571734
2571765
2571898
2572106
2572362
2572799
2573043
2573127
2573633
2573686
2573854
2573939
2573954
2574053
2574067
2574798
2574818
2574948
2575085
2575160
2575286
2575512
2575623
2575630
2575753
2575968
2576187
2576755
2576939
2577190
2577462
2577835
2577976
2578002
2578217
2578811
2578962
2579231
2579392
2579869
2580415
2580586
2580794
2581348
2581451
2581528
2581769
2582071
2582099
2582307
2582405
2582537
2582635
2582868
2582915
2583201
2583478
2583493
2583675
2583777
2583992
2584078
2584096
2584186
2585291
2585391
2585411
2585526
2586066
2590981
2635350
2650796
2652185
2660952
2660957
2661091
2661220
2661245
2661332
2661599
2661844
2662200
2662520
2662589
2662761
2662870
2662900
2662966
2663128
2663135
2663416
2663536
2663679
2663683
2663740
2663801
2663854
2664238
2586561
2586562
2586901
2586931
2587001
2587214
2587575
2587773
2587824
2587904
2588232
2588244
2588900
2589363
2589471
2589619
2589761
2590237
2590380
2590414
2590726
2590746
2590873
2590940
2590986
2591772
2591959
2592087
2592275
2592336
2592515
2592519
2592650
2593054
2593184
2593264
2593740
2594202
2594334
2594464
2594528
2594677
2594686
2594748
2594763
2594786
2594935
2595024
2595031
2595417
2595543
2595656
2595813
2595912
2595995
2596047
2596117
2596575
2596634
2596754
2596815
2596858
2596969
2597101
2597117
2597168
2597482
2597870
2598069
2598281
2598602
2598645
2599028
2599054
2599147
2599340
2599357
2599407
2599490
2599640
2599752
2599827
2600139
2600324
2600427
2600679
2600923
2601105
2601228
2601351
2601530
2601537
2601681
2601774
2601805
2601970
2602215
2602339
2602452
2602532
2602548
2602650
2602662
2603039
2603042
2603048
2603224
2603373
2603400
2603402
2603460
2603540
2603646
2603695
2603790
2604065
2604183
2604225
2604416
2604509
2604784
2604797
2605041
2605355
2605557
2605636
2605778
2605779
2605881
2606116
2606151
2606555
2607290
2607450
2607591
2607965
2608006
2608210
2608456
2608503
2608896
2608898
2608977
2609069
2609090
2609395
2609557
2609597
2609791
2609920
2609988
2610137
2610798
2610807
2610913
2610928
2611606
2611619
2611654
2611744
2611806
2611976
2612013
2612371
2612376
2612878
2612880
2612916
2612964
2613022
2613117
2613158
2613265
2613418
2613779
2614438
2614539
2614685
2614922
2615068
2615092
2615442
2615640
2615749
2616053
2616220
2616273
2616324
2616358
2616390
2616576
2616938
2617080
2617738
2617839
2618085
2618859
2619141
2619198
2619282
2619315
2619321
2619371
2619525
2619692
2619754
2619873
2619997
2620050
2620476
2620547
2620692
2620727
2620975
2621001
2621209
2621345
2621357
2621364
2621463
2621560
2621667
2621856
2621929
2621931
2621937
2622542
2622717
2622731
2622733
2622852
2622909
2623209
2623345
2623418
2623983
2624071
2624087
2624436
2624606
2624707
2624989
2625279
2625311
2625367
2625695
2625792
2625867
2625877
2625940
2626025
2626039
2626044
2626190
2626524
2627061
2627161
2627458
2627471
2628101
2628113
2628314
2628585
2629417
2629436
2629902
2630099
2630418
2630494
2630528
2630625
2630857
2630905
2631038
2632499
2632585
2632621
2633020
2633105
2633440
2633730
2633769
2633884
2634080
2634684
2634707
2634794
2634935
2635067
2635259
2635693
2636412
2636433
2636588
2636819
2636835
2636840
2637023
2637161
2638020
2638480
2638497
2638592
2638664
2639214
2639288
2640028
2640040
2640100
2640187
2640371
2640408
2640534
2640633
2640657
2640673
2640885
2640901
2640942
2640950
2641014
2641120
2641227
2641538
2641615
2641885
2642044
2642057
2642282
2642322
2642425
2642503
2642526
2642543
2642872
2643004
2643036
2643073
2643145
2643214
2643232
2643554
2643606
2643887
2643946
2643993
2644166
2644340
2644392
2644479
2644562
2644602
2644678
2644803
2644918
2645086
2645107
2645140
2645275
2645764
2646063
2646274
2646281
2646319
2646641
2646917
2647421
2647445
2647512
2647694
2647707
2647773
2647836
2648405
2648548
2648609
2648871
2648877
2648925
2648942
2649052
2649092
2649339
2649523
2649535
2649692
2649753
2649923
2650856
2650871
2651723
2652013
2652187
2652599
2652713
2652783
2652881
2653032
2653263
2653416
2653445
2653808
2653866
2654695
2654849
2654990
2655176
2655291
2655409
2655630
2655671
2655741
2655767
2656034
2656044
2656141
2656326
2656483
2656664
2656934
2656988
2657154
2657381
2657824
2658325
2658505
2658588
2658701
2658880
2658892
2658950
2658954
2658978
2659511
2659684
2659777
2660032
2660135
2660544
2664530
2664894
2664973
2665255
2665448
2665538
2665650
2665688
2666021
2666051
2666103
2666174
2666202
2666240
2666333
2666451
2666770
2666791
2666969
2667092
2667314
2667350
2667925
2667997
2668230
2668381
2668473
2668506
2668577
2668687
2668785
2669070
2669088
2669091
2669410
2669448
2669455
2669601
2670276
2670346
2670786
2671021
2671024
2671169
2671182
2671384
2671400
2671419
2671436
2671473
2671696
2671766
2671916
2671972
2672023
2672157
2672242
2672528
2672565
2672703
2673065
2673134
2673178
2673353
2673377
2673618
2673711
2673850
2673895
2673896
2674121
2674268
2674407
2674530
2674885
2674932
2674978
2675084
2675299
2675580
2675609
2675621
2675765
2675894
2675961
2675962
2676027
2676323
2676347
2676386
2676515
2676608
2676630
2676660
2676682
2677015
2677231
2677243
2677375
2677386
2677476
2677575
2677610
2677860
2677870
2677894
2677969
2678041
2678122
2678124
2678219
2678265
2678309
2678994
2679460
2679573
2679718
2679816
2681157
2681301
2681313
2681387
2681425
2681640
2681666
2681834
2681843
2681856
2682615
2683189
2683218
2683238
2683321
2683422
2683824
2683928
2684018
2684263
2684315
2684389
2684522
2684568
2684651
2684697
2684833
2684923
2685404
2685817
2685917
2686267
2686512
2686620
2686653
2686802
2686810
2687011
2687038
2687057
2687352
2687570
2687935
2688062
2688123
2688135
2688232
2688316
2688514
2688708
2688719
2688817
2689012
2689236
2689246
2689297
2689448
2689529
2689601
2689669
2689735
2690173
2690325
2690358
2690382
2690745
2690813
2690836
2690844
2690866
2691041
2691074
2691080
2691316
2691396
2691435
2691530
2691589
2691606
2691983
2692055
2692412
2692643
2693085
2693494
2693533
2693547
2693577
2693585
2693671
2693727
2693902
2693903
2694070
2694081
2694087
2694368
2694516
2694642
2694685
2694754
2694924
2695246
2695260
2695484
2695695
2695804
2695827
2695908
2696087
2696225
2696466
2696562
2696573
2696662
2696701
2697036
2697090
2697337
2697452
2697494
2697554
2697911
2697942
2698073
2698127
2698621
2698640
2698801
2699045
2699056
2699493
2699511
2699766
2699913
2699925
2699953
2700080
2700249
2700426
2700575
2700645
2700915
2700955
2701455
2701480
2701613
2701747
2702048
2702209
2702426
2702487
2703060
2703315
2703317
2703493
2703530
2703574
2703622
2703663
2703756
2703920
2704198
2704254
2704283
2704594
2704675
2704893
2705070
2705154
2705199
2705279
2705331
2705346
2705599
2705607
2705646
2705725
2705783
2705842
2705991
2705994
2706066
2706318
2706508
2706574
2706931
2706936
2707005
2707259
2707355
2707448
2707513
2707579
2707665
2707780
2708199
2708316
2708335
2708757
2708987
2709009
2709377
2709488
2709526
2709542
2709564
2709589
2709674
2709748
2709841
2710008
2710066
2710188
2710346
2710371
2710895
2710928
2710983
2711206
2711226
2711316
2711319
2711487
2711566
2711619
2711656
2711724
2711906
2711914
2711964
2712282
2712364
2712489
2712605
2712741
2712798
2713272
2713329
2713463
2713520
2713535
2713699
2713779
2714038
2714209
2714262
2714270
2714348
2714449
2714463
2715265
2715341
2715759
2716046
2716056
2716077
2716211
2716223
2716334
2716589
2716729
2717328
2717480
2717529
2717631
2717659
2717747
2717911
2717932
2717936
2718164
2718211
2718504
2718516
2718628
2719322
2719474
2719552
2719622
2719679
2719899
2720035
2720099
2720220
2720242
2720264
2720308
2720632
2720801
2720804
2720932
2720965
2721079
2721146
2721477
2721510
2721568
2721612
2721628
2721653
2721740
2721833
2721864
2721869
2721978
2722635
2722647
2722677
2722744
2722970
2723040
2723223
2723282
2723532
2723536
2723655
2723670
2723689
2723693
2723738
2723745
2723850
2723944
2724086
2724175
2724224
2724290
2724292
2724299
2724702
2724737
2725047
2725068
2725080
2725285
2725747
2725827
2725891
2726068
2726244
2726247
2726281
2726410
2726464
2726501
2726671
2726690
2727036
2727183
2727604
2727664
2727667
2727880
2728019
2728057
2728188
2728305
2728306
2729488
2729539
2729847
2730098
2730447
2730625
2730804
2730950
2731076
2731222
2731366
2731417
2731493
2731744
2731832
2731878
2732109
2732228
2732266
2732301
2732672
2732693
2732796
2733095
2733449
2733457
2733486
2733569
2733587
2733591
2733604
2733836
2734260
2734546
2734722
2734874
2734883
2577484
2764492
2770350
2781956
2820591
2823965
2823977
2823979
2824021
2824129
2824284
2824297
2824536
2824578
2824599
2824852
2824919
2824962
2825155
2825250
2825254
2825294
2825319
2825325
2825622
2825670
2826097
2826161
2826427
2826452
2826454
2826459
2826499
2826623
2826944
2827131
2827225
2827228
2827402
2827966
2828068
2828080
2828306
2828361
2828440
2828448
2828494
2828620
2828926
2829081
2734946
2734970
2735087
2735098
2735102
2735772
2735974
2736057
2736251
2736259
2736756
2737144
2737321
2737639
2737643
2737757
2737964
2738275
2738525
2738549
2738564
2738794
2739196
2739223
2739238
2739436
2739531
2739560
2739688
2739756
2739845
2739864
2741010
2741056
2741060
2741183
2741265
2741276
2741335
2741370
2741432
2741582
2741866
2742033
2742170
2742315
2742771
2742800
2742838
2742860
2743065
2743072
2743137
2743143
2743409
2743471
2743630
2743690
2743819
2744110
2744148
2744334
2744352
2744714
2744768
2744968
2745010
2745149
2745151
2745237
2745239
2745275
2745381
2745436
2745474
2745512
2745668
2745675
2745679
2745885
2745970
2746071
2746262
2746320
2746331
2746359
2746829
2746838
2746840
2746896
2747227
2747261
2747414
2747446
2747551
2747637
2747793
2747802
2747812
2747983
2748055
2748060
2748114
2748140
2748443
2748592
2748995
2749128
2749251
2749332
2749337
2749401
2749567
2749634
2749667
2749929
2750204
2750237
2750535
2750587
2750612
2750770
2751100
2751108
2751133
2751263
2751278
2751491
2751525
2751539
2751950
2751964
2752249
2752285
2752510
2753427
2753539
2753605
2753955
2754072
2754134
2754260
2754426
2754676
2754679
2754721
2754747
2754759
2754831
2754879
2754927
2755209
2755266
2755406
2755691
2755998
2756022
2756219
2756472
2756518
2756622
2756630
2756656
2756924
2756962
2756964
2757125
2757433
2757459
2757696
2758244
2758416
2758573
2758814
2758969
2759222
2759235
2759441
2759532
2759552
2760037
2760084
2760390
2760442
2760526
2760689
2760731
2760744
2760770
2760791
2761056
2761133
2761147
2761157
2761167
2761312
2761428
2761510
2761532
2761926
2762015
2762052
2762093
2762095
2762117
2762346
2762955
2762956
2763061
2763106
2763182
2763597
2763652
2763750
2763788
2764061
2764086
2764236
2764250
2764330
2764407
2764470
2764639
2764658
2764672
2764713
2764716
2764866
2765618
2766182
2766202
2766224
2766269
2766287
2766505
2766692
2766723
2767022
2767046
2767064
2767221
2767248
2767646
2767658
2767850
2767967
2768218
2768386
2768499
2768569
2768722
2768965
2769035
2769119
2769707
2769939
2769995
2770188
2770235
2770279
2770434
2770665
2770686
2770942
2770973
2771340
2771378
2771395
2771677
2771812
2772096
2772271
2772728
2773109
2774138
2774154
2774268
2774377
2774389
2774451
2774635
2774766
2774889
2774989
2775214
2775391
2775441
2775666
2775684
2775726
2775806
2775958
2776065
2776356
2776384
2776521
2776875
2777149
2777317
2777345
2777496
2777707
2777714
2777967
2778352
2778545
2778556
2778608
2779130
2779241
2779275
2779291
2779320
2779338
2779461
2779573
2779609
2779927
2780240
2780471
2780644
2780842
2781104
2781375
2781405
2781444
2781751
2781790
2782172
2782198
2782228
2782245
2782267
2782277
2782281
2782530
2782703
2782871
2783356
2783540
2783872
2783873
2783896
2783954
2784023
2784097
2784192
2784300
2784410
2784591
2784608
2784681
2784685
2784733
2784831
2784845
2784888
2784947
2784962
2784998
2785004
2785126
2785175
2785198
2785346
2785535
2785546
2785551
2785618
2785645
2785746
2785747
2785782
2785835
2785890
2785906
2786117
2786174
2786342
2786605
2786800
2786843
2786872
2787093
2787161
2787194
2787256
2787263
2787335
2787373
2787405
2787414
2787438
2787527
2787589
2788145
2788174
2788351
2788359
2788394
2788515
2788742
2788997
2789132
2789506
2789540
2789648
2789675
2790212
2790912
2791193
2791345
2791436
2791484
2791759
2791763
2791793
2791968
2792442
2792806
2792830
2792842
2793082
2793144
2793224
2793498
2793610
2793754
2794096
2794853
2795165
2795207
2795336
2795396
2795748
2796023
2796380
2796451
2796818
2796979
2797072
2797148
2797177
2797256
2797454
2797587
2797607
2797632
2798203
2798391
2798570
2798631
2798688
2798690
2798732
2798966
2799097
2799222
2799228
2799589
2799778
2799837
2799894
2805052
2805073
2805132
2805134
2805376
2805590
2805968
2806053
2806134
2806236
2806537
2806646
2806799
2806822
2807014
2807195
2807280
2807409
2807815
2807856
2807897
2807902
2808223
2808482
2808546
2808669
2808677
2808744
2808802
2808897
2809199
2809402
2809435
2809507
2809574
2809628
2809748
2809809
2810125
2810391
2810609
2810677
2810798
2810878
2810907
2810934
2811066
2811076
2811159
2811177
2811188
2811267
2811381
2811411
2811765
2811767
2812099
2812145
2812161
2812172
2812188
2812267
2812381
2812385
2812580
2812729
2812993
2813110
2813416
2813418
2813431
2813857
2813893
2814203
2814208
2814513
2814598
2814655
2814733
2814772
2814802
2814978
2815040
2815096
2815211
2815363
2815498
2815532
2815593
2815608
2815853
2815949
2815961
2815989
2816343
2817200
2817236
2817255
2817274
2817276
2817288
2817393
2817414
2817677
2818142
2818165
2818370
2818405
2818653
2818705
2819345
2819406
2819658
2819756
2819766
2819899
2820221
2820369
2820512
2820612
2820977
2821266
2821780
2821842
2821982
2822010
2822134
2822150
2822153
2822199
2822295
2822443
2822633
2823009
2823015
2823175
2823340
2823566
2823642
2823746
2823786
2823903
2831697
2847729
2908834
2911025
2911115
2911130
2911149
2911215
2911216
2911310
2911312
2911391
2911555
2912038
2912070
2912333
2912343
2912443
2912621
2912639
2912753
2913035
2913385
2913444
2913494
2913552
2913725
2913904
2913995
2914054
2914085
2914167
2914220
2914413
2914609
2914691
2914883
2914935
2915207
2915290
2915566
2915581
2915745
2915758
2916002
2821737
2823938
2829369
2829382
2829417
2829713
2829826
2830042
2830101
2830148
2830266
2830399
2830513
2830633
2830705
2830731
2830790
2830827
2831106
2831292
2831397
2831829
2831844
2831938
2832077
2832089
2832114
2832119
2832128
2832306
2832404
2832636
2832703
2832921
2832941
2832983
2833072
2833113
2833152
2833166
2833178
2833317
2833412
2833633
2833778
2834232
2834393
2834492
2834494
2834762
2834840
2834950
2835074
2835223
2835254
2835490
2835503
2835591
2835661
2835664
2835729
2835805
2835904
2836183
2836264
2836361
2836391
2836504
2836524
2836673
2836707
2836806
2836882
2836941
2836954
2837333
2837394
2837583
2837764
2838341
2838358
2838493
2839003
2839175
2839415
2839625
2839670
2839724
2840140
2840479
2840492
2840501
2840590
2840629
2840704
2840939
2841032
2841327
2841427
2841489
2841578
2841641
2841806
2842037
2842177
2842429
2842555
2842696
2842834
2842846
2842902
2843040
2843128
2843329
2843349
2843390
2843506
2843577
2843706
2843786
2843797
2843879
2844244
2844272
2844315
2844316
2844325
2844452
2844535
2844723
2844819
2844893
2844964
2845308
2845398
2845514
2845573
2845628
2845790
2846056
2846349
2846387
2846412
2846828
2847039
2847073
2847077
2847189
2847239
2847422
2847562
2847805
2847957
2848172
2848339
2848369
2848447
2848458
2848480
2848548
2849020
2849478
2849642
2849785
2850289
2850338
2850456
2850511
2850667
2850853
2850915
2851146
2851172
2851202
2851209
2851346
2851605
2851630
2851692
2851799
2851927
2851930
2851988
2852181
2852193
2852224
2852256
2852298
2852883
2852917
2853097
2853241
2853247
2853274
2853698
2853839
2854052
2854065
2854253
2854580
2854869
2854996
2855026
2855114
2855283
2855345
2855481
2855499
2855801
2855820
2855881
2855916
2855950
2856007
2856076
2856127
2856134
2856135
2856194
2856394
2856542
2856606
2856645
2856712
2856879
2856957
2856959
2857043
2857229
2857279
2857399
2857505
2857569
2857641
2857729
2857798
2857835
2857836
2857887
2857914
2858140
2858309
2858625
2858626
2858631
2858658
2858710
2858716
2858796
2858816
2858844
2858978
2859070
2859071
2859246
2859636
2859698
2859843
2859872
2859910
2859939
2859956
2860116
2860178
2860241
2860283
2860304
2860589
2860816
2860861
2860886
2860945
2860993
2861098
2861177
2861209
2861217
2861317
2861342
2861383
2861391
2861469
2861689
2861819
2862205
2862235
2862317
2862346
2862437
2862500
2862644
2862724
2862774
2862824
2862890
2863078
2863434
2863627
2863637
2863803
2864020
2864038
2864043
2864280
2864516
2864573
2864782
2864949
2865092
2865136
2865319
2865797
2865898
2865975
2866061
2866086
2866104
2866166
2866168
2866308
2866422
2866473
2866578
2866625
2866930
2867301
2867400
2867461
2867680
2867711
2867849
2868127
2868261
2868311
2868317
2868429
2868522
2868531
2868568
2868697
2868847
2868890
2868902
2868944
2869015
2869094
2869303
2869314
2869726
2869936
2870026
2870354
2870476
2870500
2870511
2870571
2870873
2870941
2871065
2871274
2871353
2871365
2871623
2871643
2871724
2872022
2872239
2872282
2872319
2872506
2872883
2872931
2873048
2873080
2873255
2873377
2873614
2873654
2873710
2874028
2874115
2874245
2874405
2874571
2874572
2874577
2874583
2874690
2874820
2874842
2874880
2874926
2875157
2875268
2875314
2875337
2875342
2875534
2875683
2875693
2875774
2875913
2876082
2876207
2876260
2876307
2876541
2876710
2876894
2877041
2877092
2877213
2877267
2877272
2877383
2877395
2877535
2877576
2877701
2877765
2877776
2877875
2877903
2878114
2878227
2878462
2878862
2878943
2879050
2879074
2879146
2879461
2879757
2879820
2879917
2880089
2880330
2880436
2881310
2881394
2881401
2881494
2881701
2881761
2881790
2881793
2881907
2881921
2882196
2882342
2882451
2882468
2882564
2882596
2883048
2883256
2883362
2883382
2884138
2884421
2884541
2884678
2884856
2884891
2885024
2885065
2885130
2885212
2885282
2885709
2886018
2886101
2886165
2886238
2886366
2886490
2886560
2886683
2886704
2886706
2887190
2887317
2887371
2887493
2887516
2887532
2887622
2887678
2887693
2887695
2887882
2887919
2888072
2888140
2888252
2888391
2888395
2888502
2888875
2888899
2888911
2888929
2888961
2889110
2889186
2889533
2889729
2890028
2890042
2890167
2890241
2890355
2890413
2890554
2890674
2890800
2890917
2891111
2891331
2891380
2891505
2892100
2892146
2892478
2892541
2892546
2892732
2892874
2892968
2892977
2893048
2893061
2893066
2893110
2893473
2893862
2893946
2893961
2894004
2894055
2894518
2895018
2895076
2895237
2895643
2895768
2895964
2896197
2896241
2896254
2896525
2896619
2896762
2896971
2897056
2897454
2897485
2897493
2897758
2897867
2897872
2898050
2898095
2898118
2898131
2898162
2898265
2899012
2899357
2899538
2899622
2899964
2899999
2900184
2900276
2900621
2900641
2900767
2900915
2901006
2901103
2901124
2901152
2901375
2901379
2901481
2901521
2901686
2901693
2901720
2901877
2902034
2902053
2902316
2902430
2902836
2902865
2902951
2903079
2903184
2903196
2903241
2903292
2903310
2903535
2903780
2904017
2904019
2904065
2904166
2904555
2904590
2904710
2904794
2904878
2905097
2905249
2905332
2905666
2905689
2905819
2905978
2905992
2906142
2906300
2906469
2906495
2906857
2907018
2907023
2907034
2907565
2907826
2908194
2908355
2908380
2908557
2908805
2908845
2909039
2909063
2909225
2909358
2909364
2909468
2909540
2909790
2909797
2909975
2910278
2910320
2910486
2910550
2910668
2917574
2954876
2957191
2999525
2916318
2916480
2916645
2916654
2916877
2916887
2916924
2917043
2917047
2917123
2917340
2917811
2917870
2918568
2918881
2918993
2919294
2919307
2919737
2919914
2920020
2920026
2920144
2920388
2920664
2920679
2920704
2920781
2920868
2920870
2920880
2921118
2921387
2921749
2921766
2921804
2921895
2922045
2922107
2922217
2922305
2922330
2922646
2922654
2922933
2923061
2923063
2923205
2923441
2923472
2923770
2924027
2924040
2924233
2924266
2924326
2924392
2924498
2924546
2924627
2924949
2924976
2925053
2925099
2925195
2925252
2925592
2925651
2926349
2926474
2926797
2926819
2926944
2927196
2927395
2927797
2927801
2927935
2928126
2928345
2928351
2928643
2928652
2928706
2928820
2929261
2929314
2929856
2929924
2929971
2930055
2930080
2930083
2930166
2930328
2930387
2930757
2930855
2931222
2931345
2931497
2931720
2931736
2932119
2932289
2932382
2932385
2932430
2932501
2932874
2933048
2933055
2933254
2933417
2933672
2933752
2933761
2933808
2933836
2933874
2934104
2934155
2934380
2934460
2934602
2934834
2934906
2934926
2934968
2934996
2935290
2935311
2935357
2935541
2935592
2935610
2935635
2936092
2936368
2936472
2936686
2936711
2936755
2936779
2936933
2937298
2937304
2937359
2937446
2937491
2937713
2938208
2938291
2938472
2938577
2938597
2938605
2938669
2939119
2939383
2939557
2939842
2939975
2939991
2940568
2940607
2940637
2940782
2940853
2941275
2941408
2941454
2941752
2941824
2941884
2941983
2942021
2942026
2942100
2942165
2942340
2942394
2942459
2942664
2942722
2942917
2942918
2942922
2942990
2943167
2943257
2943396
2943500
2943851
2943879
2943939
2944023
2944290
2944341
2944440
2944826
2944834
2944855
2944905
2945247
2945308
2945618
2945886
2946186
2946489
2946706
2947000
2947046
2947324
2947616
2947704
2947752
2948079
2948197
2948534
2948678
2948714
2948736
2948745
2949164
2949291
2949398
2949410
2949561
2950015
2950160
2950267
2950377
2950481
2950511
2950622
2950911
2951048
2951091
2951352
2951407
2951831
2951868
2952123
2952350
2952613
2952752
2952832
2953057
2953154
2953155
2953332
2953418
2953476
2953758
2953809
2953962
2954107
2954121
2954219
2954300
2954314
2954395
2954578
2954686
2954758
2954886
2954945
2955098
2955188
2955333
2955473
2955631
2955706
2956266
2956594
2956654
2956732
2957084
2957121
2957516
2957655
2957714
2957755
2957822
2957836
2958006
2958008
2958074
2958471
2958570
2958745
2958944
2958946
2959140
2959270
2959418
2959456
2959500
2959900
2959969
2960126
2960183
2960315
2960390
2960502
2960729
2960807
2960968
2961088
2961221
2961326
2961358
2961469
2961637
2961679
2961681
2961758
2962286
2962301
2962407
2962536
2962554
2962611
2962627
2962671
2962684
2962804
2962911
2962991
2963167
2963581
2963616
2963862
2964364
2964614
2964843
2965070
2965231
2965256
2965348
2965636
2965889
2965936
2966140
2966157
2966584
2966797
2966803
2967244
2967288
2967329
2967333
2967486
2967612
2967661
2967682
2967758
2967819
2968115
2968423
2968667
2968680
2968710
2968914
2968948
2968992
2969231
2969238
2969276
2969334
2969367
2969373
2969387
2969520
2969530
2969592
2969615
2969675
2969726
2969741
2970038
2970057
2970175
2970284
2970876
2971209
2971249
2971572
2971710
2971892
2972110
2972415
2972578
2972642
2972668
2972706
2972758
2972860
2972923
2972977
2973107
2973153
2973170
2973235
2973346
2973581
2973889
2974061
2974187
2974310
2974410
2974432
2974450
2974614
2974676
2975667
2975729
2975836
2976025
2976195
2976212
2976253
2976316
2976375
2976386
2976634
2976656
2976788
2976805
2976815
2976856
2977018
2977047
2977311
2977325
2977601
2977772
2978032
2978130
2978517
2978811
2978906
2979128
2979428
2979451
2980056
2980118
2980379
2980492
2980648
2980831
2980880
2980962
2981273
2981360
2981420
2981555
2981639
2981715
2981735
2981803
2981875
2981888
2982362
2982541
2982684
2982838
2983108
2983202
2983342
2983436
2983517
2983699
2983883
2984039
2984232
2984284
2984484
2984663
2984704
2985033
2985071
2985098
2985235
2985524
2985655
2986063
2986216
2986232
2986310
2986350
2986402
2986495
2986623
2986913
2987022
2987154
2987221
2987301
2987319
2987779
2987915
2987932
2988168
2988373
2988404
2988700
2989025
2989405
2989454
2989492
2989577
2989758
2989953
2990164
2990287
2990320
2990332
2990369
2990525
2990561
2990622
2990789
2990825
2991210
2991232
2991525
2991649
2991785
2992075
2992471
2992473
2992603
2992614
2992939
2993425
2993527
2993713
2993871
2993973
2994034
2994152
2994293
2994302
2994421
2994430
2994856
2994926
2994994
2995037
2995040
2995139
2995421
2995422
2995517
2995684
2995691
2995748
2995959
2996014
2996041
2996092
2996233
2996305
2996312
2996390
2996566
2996596
2996652
2997003
2997247
2997368
2997427
2997546
2997751
2997767
2997833
2997851
2998112
2998475
2998517
2998699
2999351
2999490
2999601
2999692
2999753
2999767
3000104
3000295
3000328
3001022
3001197
3001416
3001665
3001707
3001732
3001967
3001995
3002182
3002494
3002555
3002598
3002733
3005342
3029250
3033744
3036473
3047344
3077092
