3893578
4121876
4685160
4408473
3705835
4187825
4184609
4198085
4728159
4561819
4842323
3798864
4406454
4860910
4450809
5064254
4356822
4693539
4527237
4288217
4917852
4855227
3869870
4211127
4224005
4076779
4442029
4614657
3578593
4248510
4419107
4175034
3575057
4449146
4601723
4776525
4685737
4542842
4587380
3897254
5006084
3630320
4540842
3649244
4165425
5023376
4351950
5058079
3916185
4777870
4912836
4404191
4641400
4293388
4675708
3587006
4331577
4193675
3753675
4556213
3750756
4452116
5068401
4658701
4972144
4429385
3822433
3692705
4563287
5011324
4616245
4399517
5007806
4385646
5027765
3774293
4897783
4424735
3955937
4636826
4370315
4282608
3840172
4646981
4273992
4709683
4345000
3931348
4600106
4399177
3819790
4378153
4630157
4570927
4685368
4422542
4794970
3886465
4589208
3559263
4434507
4606469
4319530
5014112
4688852
3932074
4684688
4393154
4286766
4009882
4331508
4131462
3613304
5004034
3873366
4145184
4697862
3819287
4627678
4491351
4511755
3825374
4532358
4497946
4222603
4719424
3681298
4853662
4517028
3559204
4142441
3946244
4537660
4027133
4249271
4692241
4099327
4043395
4961708
4173631
4286060
4126699
4453672
4145320
4898198
4648831
4168554
4462477
3711928
4607214
4377234
4354805
4645749
4675393
4542583
4311606
4316921
4642654
3979894
4949059
4818286
4219779
3795741
4033495
3576446
4376022
3901849
4326796
4609399
4121123
4605351
4540126
4039953
3882197
4422300
4364595
3891206
4273414
4918367
4238801
4130050
4683269
3564088
4500725
4104864
4641885
4541213
4657276
4528458
3727063
4639106
4650539
4829722
4512782
3873643
3654676
4236396
4128742
4605814
4755330
3817944
4141946
4889746
4729146
5008291
4610909
4198215
4892515
4537372
4422932
4830957
3972323
4198300
4248251
4219011
4104628
4594926
3997771
4498861
4288076
4130298
3920021
4144461
4294855
4526405
4176308
3967997
3831024
3684147
4830902
5010987
4538468
5053189
4464511
5018995
4876681
4065150
4466844
4403845
4561552
4715005
4923042
5068552
3723499
3943899
4094610
3969359
4594402
4125811
4398727
3861846
4355441
4433407
4002588
4644659
3580483
4638259
4279377
3665851
4435228
4373948
4171656
4279696
4623146
3903702
4014036
4608771
4614175
4816342
5002808
3879034
4554617
4779907
4171136
3885486
4484539
4375545
3962816
3752740
4644669
4264899
4588700
5021416
4480327
3577466
3835633
4872934
4486872
5068573
4176235
4657628
4656811
3636719
4061605
4921395
4580108
3679647
4670797
4537027
4307147
4445061
3620751
4467873
3736152
3921947
4285535
4079466
4208972
4647195
4616852
4243010
3965859
4871224
3807850
3936810
4435276
4516181
4293303
4195117
3795097
4335685
4344578
3697093
4168923
4077582
4407493
4481988
4276553
4627054
3778071
4498729
4695255
3896660
4610748
4366375
4556015
4515592
4180410
4409631
4714574
4811497
4316432
4899150
4575970
4315576
3691587
4387286
4351523
4613899
4050024
4664783
4181730
3753099
3932935
3916453
5019101
4383617
3680687
4284334
4112072
4494851
4967951
3579558
4588457
4336329
4605875
4647139
4338119
4532231
4668654
4533317
4421150
5022027
3991391
4594409
3727049
3710024
4194922
4888181
4321941
5076125
4521252
4362700
3683117
4559148
4421522
4047336
3791819
4365780
3558881
3609646
4348776
4645165
4332364
4399224
4357253
3919868
4651917
4498304
4639029
4623016
4416897
4968149
4678589
4690548
4465236
4362867
3557950
4644685
4076406
4654376
4672105
3994788
3724314
3927856
4394374
3754482
4699251
4506252
4626302
4633268
5004339
4646754
4593121
4089192
4109485
4349000
4692899
3566019
4659498
5057340
3558276
4437545
3614512
4275372
3881277
4438153
4362160
4115901
4461805
4228149
4354143
4822536
4678238
4316436
4623374
4209050
4879233
4362325
4954566
4500367
4490567
4215395
4420173
4538049
4783628
3654133
4480961
4203671
4805127
3684431
4428766
3781251
3703367
4183686
3604357
4315279
4371834
4190843
4582948
4274646
4197364
4064359
4547917
4154414
4272230
4209706
4133751
4645235
3579812
4676232
4616542
4541313
4361822
4663519
4565576
5023419
4559940
4737451
4205634
4644730
3590614
4102646
3804857
4797805
4017919
4691744
3715955
4521985
4952993
3718438
3962121
3913861
4344282
4249470
4784712
4023355
4646482
4438651
4044137
4588674
4548825
3558596
3688928
4524498
4491246
4592202
4260411
5069105
5072958
4518057
3644567
3616941
3938298
3921371
4013359
4299123
3970652
4540650
4088619
4402080
4649952
4042726
3960746
4037580
4553071
4073197
3753727
3776368
4372017
4791971
5006910
3990964
3801341
4613396
3653648
3816838
4526403
3772734
4581377
4662697
4190606
4267673
3853580
3763604
4203371
4824449
4409198
3653643
4805081
3767138
4729988
3890514
4052609
3627963
3703547
4522318
3668913
4469060
3648326
4011703
3878151
5007013
4848812
4557538
5025583
4592264
4145751
4437050
4663993
4797287
4515838
4824891
4899356
4016353
4190173
4505893
5043943
4501483
4457868
4086464
4185075
3721399
4530043
4451009
4020675
4385229
4239052
5030843
4584060
4251789
4415359
4362479
3850833
3828199
4223021
5049797
4412869
4154885
4477011
4543040
4520392
4182916
4840802
4157531
4531391
4545275
4202647
4343284
4778615
4496885
3963680
5072872
4760882
4033546
4530245
4415231
4036154
4299852
4895127
4690304
4588746
4678247
3852968
4524301
4294027
4222022
4697328
4639072
4421534
4474782
4902934
4111254
4699280
4305419
4359989
4541978
4074322
4772105
4298601
4952668
4662622
4401423
3578386
5021254
4014473
4551052
4100949
4525260
4513086
5068165
4411330
4654956
4798510
4130799
4742226
4131783
4459094
3917355
4491696
4649078
4254837
3898047
4661887
4088514
4894248
4770627
3992382
4196184
3678372
4918869
4761723
4528346
4908222
3929177
4467876
4549415
3827530
4342739
3762813
4283298
4561639
4371425
4167125
4653447
4011529
3676728
4324910
4372494
4187366
3639977
3809501
4383700
4563172
4277834
4846553
4231911
3816583
5031438
4604919
4323665
4308797
3956113
3924755
4225176
4213164
3942894
4213710
4273888
4326539
4973505
3841359
4443278
4515811
4020545
4588694
4416865
4441036
4385629
4636874
4389294
3631700
4526470
3697655
4382750
3883078
3730854
4596862
4541437
4587572
4967322
4687238
4430904
4646188
4623134
4721536
3799415
4768357
4382033
3757714
4539523
3888819
4535161
4535830
3804342
4070146
3845192
3606866
4410458
4160822
4655990
3911617
4571958
4556511
3893990
4600395
4649774
4207578
3876601
4078342
3620240
4494032
4697345
4505099
4554795
4490605
4085213
4663985
4307619
4522338
4475671
5073384
4370350
4466496
3559852
3779346
3567919
4524306
4279885
4333877
4631979
5020809
4595482
3845495
3876720
4760509
3858467
4362237
4602766
4514750
4632178
4612232
3782353
4880231
4658770
4661490
3745561
3808359
4176747
5005748
3850706
4805723
4497586
4521829
4717046
3837597
4453132
3828730
4354522
4647581
4026561
4907770
4579193
3665204
4612630
4368267
4649661
4290777
4345093
4146037
4867741
4480611
3573401
4918954
5038937
4489428
4440489
3723332
3867097
4600503
3789611
4212887
3760191
3768280
4266614
3899314
3667641
4562291
5073216
4077336
4646623
4546115
4694604
4097098
5021571
4419525
3592218
4873705
3666859
4539647
3844767
4171033
4684747
3836814
4843729
4066375
4164460
4401781
4441336
3676034
4116842
4564567
4660574
4433200
4103966
4499857
3965784
4252489
3813164
4107798
4077851
4094785
5052325
4619839
3744455
4648335
4592800
3788202
4612591
3854491
4915372
3968992
3710961
4525792
4097120
3742393
3569536
4179242
4371331
3928223
4765852
3769055
4791408
4615029
4201477
4233199
4461970
4259774
4075726
4903599
4046449
3892145
4327217
4674443
4026995
4470983
4687499
3841230
4616986
4562702
4295806
4259840
4420255
4364572
4548486
4564088
4659093
3799134
4964777
5076778
4625784
5012154
4458495
4012205
4433836
4401141
3990570
4522546
4339199
4918567
4398269
3878910
4686608
3786661
4206744
5015986
4455516
4668636
4060254
4398273
4505710
4520725
3678676
4058951
4521544
4330977
4251304
4446427
4418197
4695488
4582568
4643212
4194921
4399000
4659184
4645861
4552202
4350690
4554248
4810435
3830036
4537614
4387630
3823717
4550929
4196246
4341508
4654547
4611879
3567087
4711652
4279601
4647083
3821741
3670065
4562311
4467341
4614017
4551357
4597560
4856666
3755948
5018346
4596757
4640232
4677724
5070779
4173116
3999112
4557577
4470939
3606540
4577467
4868625
4169640
4542558
4593877
4557440
4910632
4606186
4748916
4413241
5065859
4051504
4580525
4352295
4461122
4579169
4014806
4302415
4876659
4422762
4202872
4418437
4963792
5013772
3817142
4100284
4331473
4628709
4430334
3705482
3625192
3561839
4677200
4313400
4068629
4131262
4428737
4964008
3810918
4002886
3855931
3952043
4677489
4338656
3922158
4298428
4911566
3757581
3974788
4380856
4417201
3918182
4092685
3610218
4598517
4612800
4552911
4017406
4689734
4348854
4395134
4515384
5013022
4163015
4697145
4502396
4658621
4502352
4525895
4692997
3665184
4573560
4392340
4316779
3872198
4405911
4565770
3834727
4685634
3784513
3634781
4968985
4472321
3608530
4034425
4423215
4378199
4623820
4448278
4616271
4540829
4442796
4909816
4168241
4093705
3803067
5065343
4591808
4440084
4043980
4333451
4367118
3931287
4644667
4654760
4303341
3801176
4322535
4357193
3941253
4561461
4656028
5004670
4179195
3737492
3890781
4544605
4345545
4350124
4708995
4099498
4108853
4358909
3678207
4427993
3720956
4453106
4020706
4603248
4969741
4142826
4522115
4093008
4162579
4112008
4456459
3873694
4618309
4579066
4190370
3962794
3696171
4585066
4090030
4689878
4221221
4402071
3695421
3687109
3917785
4690424
4557822
3930264
4454558
4604572
4594661
4579057
4578923
4044633
4844361
3682284
4542006
3882915
4256206
3603264
4665891
3786826
4462041
4587944
3746510
4140300
4633089
4649021
3747298
4128240
3584814
4626230
5020012
4647356
4274797
4293573
4901442
3768935
4877527
4816624
4502930
4642600
3601059
4179655
4533624
4917481
4043083
4157208
4214063
4582155
4665404
3625227
4324279
3664185
3680994
4011022
4312453
5065007
3848569
3657375
5025589
4105839
4474537
4499547
4620814
4641108
4236906
4520485
3854670
4963376
4259997
4252431
5031767
4291918
4603451
4397127
3808664
3682032
3851610
4348722
4109998
3785961
4358583
4588297
4628303
4621617
4423874
4610174
4254375
4772098
3795309
3982556
4550567
4408834
4436006
4432404
3913544
4678662
4601768
4408754
4581047
4372756
4553651
4319997
3668410
4550449
3847455
5060653
4418926
4457562
4675003
5006322
4443106
4245830
4555972
4345586
4083440
4015603
4335329
4350457
4052604
3752307
4420184
3945925
4270615
4613342
5013659
4352789
4457887
4584407
4913270
4005148
5001610
3644666
4493475
4866907
4375120
4054490
4861066
4478546
4509165
4632233
3636029
3840213
4579585
4692451
3653520
4658569
4034419
5018142
3734732
4590007
4589908
4254646
4392695
4471634
3712642
4548050
5001400
4049731
3873785
4876317
3995104
3998275
4865652
3768598
5017193
4550972
4821177
4575798
3834817
5004909
4563605
4289359
4471518
4613122
4550869
4181084
4561129
4417545
3911803
4225463
4596409
4527127
4036173
4424587
4309847
5029267
3663767
4325579
4517239
4619301
4247681
3860025
3913041
3845527
4628340
3852164
4269053
3812970
4234793
4202687
4373073
4892715
3763969
4182309
4697555
4611781
4272652
4157961
4153512
4570319
4655971
3738915
3830835
5043281
3950021
4596191
4581042
3564893
3762741
4123138
3693817
5049305
4319387
4411348
4334638
4048789
3890733
4620147
4046847
4106957
4302116
3598056
4692140
4513021
5008365
4822738
4696049
4791227
3679584
3642759
4314394
4240770
4349438
4003708
3851757
4555862
3660254
3847943
4534754
4922238
5007966
4122411
4370343
4134369
4147510
4957485
4180664
4389624
4412525
4937779
3633813
3679306
4474708
4091553
3607356
4482734
3825801
4361456
4490425
4044335
4589976
3727518
4093545
3941110
4356698
4557073
4506807
4515188
4883436
4084210
4644519
4533733
3680716
4526115
4597544
4188616
3867569
4649695
3673103
3636140
3816993
5017460
3818934
3658768
4306636
3760550
3664523
4605585
4618051
4422731
4692498
4713106
4881872
3581648
4831980
3666208
4875182
4548932
4003023
4576813
5053091
5008233
3919137
4688289
4783876
4168010
4690060
3739746
4012561
4397681
4641206
4948079
3965586
3685801
4369128
4196708
3893877
3961957
4197532
4438144
3643982
4032648
4648365
4005699
4186907
4440022
4175555
4545824
4598684
4360319
4260690
3862642
4646072
3685066
5039179
4579502
5041676
3816611
4209310
3750910
4172999
4792098
4306782
4698402
4575542
5034316
3648794
4629925
4069624
3874624
4342708
4264449
3652371
4238802
4899336
4238714
4438254
3667752
4555965
4451399
3567238
4695040
3702701
4667248
4622135
4581976
4627369
4414897
4322200
4325378
4735410
3692771
4212747
4578510
4035579
4922283
3779105
4039853
5002975
4683207
3827570
4805407
4863028
4538252
3947842
4859676
4347910
4899534
4485641
3968107
4768311
5001373
4557000
5012619
4367146
3976504
4301625
4468018
4078541
4239055
4540506
4283271
4898393
3849464
4054376
3654394
4091215
4565805
4659131
4558048
5027602
3622989
4156926
4065345
5002621
4420092
4548908
4317825
4339574
4366372
4541366
5002593
3621019
4260489
4762471
4568700
4895115
4673053
4637726
4545300
3797664
3968756
3632605
4326436
4907793
4078923
4877758
3763141
3580610
4471599
4554965
4429951
3896486
4546001
3845958
3601047
4647153
4463011
4347705
4473971
4399552
4152822
4525610
4452265
4134714
3717006
4436558
4235822
4653240
3982978
4714858
4276461
5065787
4374214
4327294
4476317
3844556
4208532
4551521
4194403
4442881
3584196
4649238
4426042
4639808
4608675
4467136
3570140
4263724
4523024
3820740
4699585
4228039
4607174
3791964
4386372
4615015
4127459
4077176
3592359
4203208
4495968
4483415
4674798
4231830
4172814
4042969
4045101
3600863
4313622
3631742
4627629
4684992
4454393
4544063
4219485
4707938
4005218
4494116
4897699
4921373
4659833
4343717
4186325
3622256
4626030
4374576
4585874
3700597
4609219
4308912
4680569
4070627
5009631
3858223
5066642
4665602
4476580
4142451
4669208
4019655
4427335
3625016
4658691
4076985
4367005
4615652
4553882
4792470
4079875
3583391
4550112
3785015
4187642
3587061
4232890
4137477
4465124
3562854
4549107
4033163
3563138
4273901
5031878
3687245
4904462
4351418
4206763
3607666
4487997
4214988
4089926
3746990
4896397
4668120
4643510
4384890
5021140
4071986
4231576
3902307
3639883
4186651
5007625
3688126
5020502
5072813
4139789
4552880
3769032
4244647
4735562
4289567
4370866
4577353
3803997
4493376
4383254
3890051
4680095
3662391
4623140
4251890
3814647
4362339
4777695
4564079
4351643
5076515
4120486
3697221
4253895
4589962
4528767
5037086
4289930
3803586
4120173
3622049
4012994
5009357
3864596
4149889
4501879
3657968
4724404
4633724
3833259
4684888
3561122
4241278
3630629
4160286
4324813
4727209
4252437
4232609
4543279
4085952
4401462
4318679
4031403
4657026
3850778
4473243
4549727
4660318
4331621
4000349
3755138
3734945
4515837
4359234
4509220
4888605
4707677
5072690
3880104
3672093
4513404
4524648
4550600
4605787
4509407
4503763
4170464
4559280
3597187
3703825
4380849
3947602
4632221
3653847
4698361
4597842
4604360
4250848
4442207
4477780
4788791
4156868
4328740
3745014
4183557
4425146
3648370
4511871
4344263
4585138
3806935
4495847
4291876
4256486
4187664
4629083
4693239
4084349
4523863
4689137
4425183
4665762
4905935
4655399
4122398
3758700
4542883
4064839
4627911
3598720
3721108
4474349
4631790
4557476
4433971
4765988
4804020
5053297
4632495
4695084
4102988
4656155
4406555
4620777
4656342
3955135
4559446
5064132
4724930
4736102
4205149
3810890
5065777
3642462
4850941
4316651
3860614
3781503
3598459
4624116
4526945
4870396
3944684
3595289
4436312
4857136
4089856
4446553
4588404
4436560
3869722
4552724
3606116
4356080
3762192
4451836
3733443
4084382
4545897
4543896
4290532
4630486
3896288
4329549
4793597
4555900
4597682
4622807
4362687
4784436
4158810
4971997
4479519
4383025
4103604
4106227
4895205
4644586
4408384
4552658
3769431
3721350
3708531
3974126
4003277
4505510
4140773
3598279
4627355
4467433
4421898
4640683
4408161
4577676
4026268
4043123
4362140
4846929
5070684
4614820
4366512
4453208
4781354
4256970
4579078
4211800
4329121
4654839
4089606
4301413
3846349
3678065
4757436
4435055
4907388
4327879
3635116
4666713
4966096
4307188
3907689
4551560
4408531
4214044
4953474
4369365
4244848
4863966
4664947
3844665
4621838
4919638
5050180
4609265
3778343
4493648
3959280
4433723
4662208
4575813
3923739
3703809
4287013
4671340
4494062
4143785
3922398
4453867
4832850
4809174
4507232
4525479
3559329
4535824
4284583
3808255
4008400
3649173
3687969
4547533
4817601
3669352
5060280
3678538
4164867
4362877
4815039
3754421
4528649
4379849
4320725
4152588
3781967
3620358
3945669
4598592
4413257
4039735
4062717
3911658
4367479
4455036
5066707
3675371
3959169
3916809
4779085
4067166
4525282
4800403
5001143
4358116
4022061
4367223
4433327
4196524
4858958
4573367
4378309
4589728
4120773
4867180
4388919
4616501
4441407
4343826
3611274
4217404
5013026
4805550
4630695
4641811
4795425
3830106
4308485
4387093
4618341
4414579
3831365
4012748
4684634
3592733
4045796
4378906
5222398
4865826
4117028
5022906
3641072
4325086
4364448
4490863
4400168
3864607
4169208
4287245
5221376
4489298
3947359
3879875
3817286
4736690
3892121
3723780
3611651
3597461
4006284
4859576
3704586
5051315
3826067
3779564
4846685
3848487
4522809
5016070
5005806
4498437
3675766
3708773
4360419
4081958
5043742
4613136
4397406
4682148
3854291
3772979
3631144
4198366
3579085
3887416
4841190
4697516
4051643
5005308
4599981
4535210
3881975
4527511
4664708
4688356
4806539
4310675
4890523
4261616
4301727
4432679
3838880
4212575
4468790
4688321
4553402
4155318
4534272
4368039
3834642
4444648
3667638
4599946
4631170
4026460
4398538
4165639
4541929
4667979
4611016
4632943
3585666
4365138
4512374
4170309
3599829
4514465
4641203
4301035
3799223
3809134
3676047
4251886
4316662
4464978
4583954
4343885
3947616
4637759
4144819
3780773
4693366
4905075
4281964
4371918
4912368
3866872
4527996
4275968
4885676
3885805
4305684
4376600
4451068
4878926
5023636
4434883
4482696
3744435
4291565
4631773
4196120
4400804
3756118
4642395
4646090
3710366
3663971
4502318
3749061
3761962
4550607
4347282
4220378
4538308
5057183
4558768
3678978
4002543
4237461
4389072
4392042
4388693
4253422
4707046
4683930
4421205
4474328
4948604
4259493
4916373
3585352
4624990
5001052
4204224
4432301
4408016
4787289
4584497
4681971
4923205
3847635
3731789
3617561
4306526
4359493
4951456
4159074
4310636
3720424
4596822
4629236
4615437
5051295
3934733
4696234
4937330
4406363
4598935
4388058
3711761
4149336
3660480
4390688
4525559
4267554
3898439
4584985
3593543
4685468
4391054
4909495
4485298
4646576
4735847
3868098
3636945
4611304
4696593
4548332
3819028
4954014
4812315
4691983
4660570
3581490
4304978
4322733
4415052
3977624
4651110
3660378
4361354
3880347
4178238
3663134
4587332
4716339
3776411
3675183
4671119
4693677
4618409
3746089
4274238
3663615
3725616
4386865
4123622
4479420
4584144
4627647
4643341
4166635
4181877
4099885
4647566
4073784
3849113
4166372
4244289
3803843
3729582
4038310
4044941
4145100
4520855
4833105
4414203
4370424
4344172
4177140
4315664
4157198
4811536
4903105
4538182
4376310
4524624
4826275
3960511
3669319
4316228
4015095
4661717
3699109
4572648
4030724
4660341
4446804
4365559
4384001
4524880
3822537
4274058
4695564
4667598
4350502
3996616
3699946
5035844
4334395
3747025
4008620
4738103
4388625
3625182
4918190
3665042
4148140
3792374
4322321
4683411
4605546
4365653
4694746
3971937
4488202
3780939
4016461
4905967
4231660
4846609
3978014
4533994
4614347
4319665
4592433
3876895
4005114
4701473
4564083
4259006
4577236
4459508
4057750
4564836
4059632
4421672
4416512
4913389
4368983
4469671
3720833
3681625
4629402
4545413
5007120
4610893
4408226
4535488
4332825
4789196
4518940
3720813
5016899
3952858
4465776
4256159
4395223
4563031
5029402
4070265
4549113
4314787
5025269
4532825
4448708
4498062
4212668
4518945
4396039
4372621
4331547
4320063
4436835
4055559
4429311
4617613
4788176
5023526
4125410
4129380
4061041
4634520
4875689
4413939
4491593
5065650
4380499
4574588
4615599
3572693
4342525
3767934
4586574
3848294
4363362
4165468
4695502
3767396
4122673
4188388
4197745
4592584
4081062
4267877
4024176
3954474
4878354
4304943
4506940
4128867
4555509
4147542
4224095
4602261
4764642
4542239
4425652
4288253
4389828
4478325
4625763
4387723
4005428
4348206
4328216
4489531
4383001
3867338
4626274
4660312
4861134
4399761
4528427
3712037
4652806
4969293
3926681
4468481
4450634
4691706
3917473
3656969
3561228
4179683
4589452
4574736
4628064
4308132
4587022
4468454
3905232
3738920
4890585
3709897
4094345
3585025
4877467
4599410
4524210
4349191
4043897
4236322
3656191
3673984
4574277
3917787
4152642
4136129
4852273
4541969
4223506
4004152
4158409
4520985
3944012
4286813
4096320
4684494
4241204
4242258
5063083
4603231
4634413
4553147
3823572
3756225
4429519
3587413
3724769
4120371
4034701
4866317
3605832
4615113
4391099
4678580
3619853
4447172
4412819
4188392
4694965
3848193
4434132
4321026
3956968
3781950
3846537
4456362
5220739
4393883
4430647
4553074
4583988
4017308
3818810
4697057
4203619
4717824
3943392
4363091
4380521
4945720
5025192
4268662
3745482
5019844
4441164
4689275
4436243
4692734
4285727
4647491
4798115
3804396
3603303
4688932
3573348
3898928
3978972
3894921
4639089
4682255
4515591
4725135
4639196
3735158
3684611
4231629
3722047
4583060
4762198
4045674
3680653
4535474
3712613
4636905
5014853
4233614
4494593
3907628
4011939
4287282
5013645
3580652
4561371
3742902
4887653
4390085
3917870
4159998
4962090
4407091
4602977
4475044
4394551
4458063
4318220
5015934
4223863
4514379
3699733
4386031
3673398
4667652
4313492
4563124
4314168
4582178
4681631
3862215
4228019
3610102
4492553
4646292
4737445
3898863
4410467
3984988
3618229
4585997
4748525
3799777
3745477
4595378
4863947
4868729
3757173
4626484
4663523
4967312
3672888
4372177
4640664
4171798
4697301
4168800
4615649
4455642
4126334
4787740
4239588
4264636
4633793
3932890
3629310
4384153
4058711
4314482
5071996
4370021
4266158
5013167
4562930
4147686
4315804
4452310
4297628
4246692
3565759
4867874
5059258
4199807
4332576
4425279
3720714
4054582
4824910
4102130
3837064
4253959
5018966
4676571
4686380
3598111
4540966
4310114
5221563
4531056
4592543
4968137
4652594
4016147
4781701
4585308
4878852
4631767
3742627
3690256
4481192
4619464
4427790
4463855
4427277
4536845
3835358
4377303
4366383
5017296
3661026
4053930
4661956
4627584
4770515
4545304
4076137
4225046
4245131
4123605
4693992
4949986
4559386
3849946
4557644
3596628
4316898
4015988
4113919
4429451
3607990
4054213
4381286
4360881
4050566
4970119
5007791
4178053
4672248
4053819
4263462
4360609
3854537
4685749
5032186
4636352
3753330
4657257
4319778
4611180
3653792
4479575
4377595
4621958
3870804
4216781
4552304
4855587
4681824
4011996
4511591
4403017
4067414
4670872
4560566
4510528
4546020
4655979
4666503
4707172
4536159
4447810
4544635
4692227
4403682
4896790
4559657
4686179
3892486
4531070
4678752
4589795
4368566
4689578
4691569
3942357
4612937
4095598
4040442
3736443
4624210
4650983
4623507
4915600
4116161
4078902
4694422
4429544
4393909
4650583
4218281
4256309
4607874
4419360
3759120
4644887
4674480
4022366
4400968
4346527
4357276
4411451
4557771
4333883
3646397
3908129
4887306
4302299
4150439
4200275
4542515
4409973
3667868
4690348
5021907
4674330
4466913
3619721
4632214
3748558
4387136
4463893
4502205
4575025
4587207
4149189
4029219
4621276
4045007
4680255
5064590
4618742
4656600
4265206
3773154
3762052
4212987
4192743
4603170
4969767
3687607
4314112
4569933
4629844
4362244
4582596
4606070
5076414
3951103
3981959
4104208
4322083
4331413
4439868
3755284
4529957
4530914
3607181
4464168
4629526
4893741
4024857
4651569
3624731
4399852
4562283
4627555
4677651
4819558
5045514
3666227
4519941
3817627
4654867
4590857
3735484
4695687
3917989
3738252
4880030
4416063
3644005
4818565
4679889
3716967
4664907
4393708
4642090
3998499
4655326
3596023
4167245
3972554
4569603
4174745
3640006
4670961
3581407
3893008
4025037
4145382
3753196
4184966
4965811
4243546
4623178
4721770
4744194
4354034
4584075
4097122
4512517
4824833
4856622
4345133
4073011
4501160
3969329
4045382
3652277
4685754
4484331
4544961
3905888
3904989
4684448
4313903
4830999
4417742
4615317
4207266
3645652
4832869
4613841
5065722
5009205
4612344
4608194
4959687
4140805
4339365
3943680
4968642
3845516
4085108
4009392
4656556
4334971
4472977
4849502
4313688
4295053
4264454
4610882
3788860
4661133
4648466
4650403
4167709
3655295
4577289
4341480
4417746
3827493
4504584
4044956
4512788
5009529
4171713
4438076
4798235
3747880
4394733
4216591
4681478
4847535
3941030
4677759
4274747
3570335
4969915
4455342
4662476
3766247
3670962
4105690
5028337
4280832
4621713
5029222
3831979
4416919
3752867
4527134
4097519
4624371
4087815
3589658
4133039
3727274
3620799
4596266
3770592
4346959
4252189
4627821
4397073
3974864
3717059
4305016
4268465
4919569
4690896
3666263
4874252
4272299
4420762
4669360
4601565
3566958
4698142
5005265
3716013
3561270
4341057
4525995
4324611
4599179
4182383
4522807
4609793
4153315
4392587
4716342
4485081
4672130
4683463
4972170
4380298
5022696
3764526
4691870
4427488
4898268
3718924
4563962
3950937
4168677
4559119
4515556
4188864
4276147
4248533
4232887
4463122
3995354
4330956
4547144
4051210
4628918
4397218
3586493
3631215
4046421
4687229
3650024
4676431
4480000
4585547
4916727
3704776
3866707
4694535
4365504
3665419
5220228
3914906
3721922
4281932
5052835
3873078
4192179
3790165
4232305
4279669
4272377
4239879
4381798
3963582
4500272
4873191
4320386
4650996
4099890
4067455
5222642
3595448
4460795
4086383
3631496
4619349
4586094
4745666
4699580
4559213
3749167
4661489
4654464
4958408
3903765
3569512
4407069
4007207
4966142
4694300
4114046
4831061
3613428
4001680
3724926
4193241
4116563
4301921
3875634
3689622
4612786
5052429
3991979
4137768
4608204
4552875
3631014
4667716
3690402
4543678
5013442
4105223
4968073
4319826
3740256
4286617
4630737
4299259
3787002
4588004
4588396
4518044
4917208
4507155
3886898
5023264
3789209
4004114
4644837
4074609
4286955
4578610
4690954
4697464
4642773
4055160
4560918
3651488
4533666
4459114
4667773
4967496
4885854
4402478
4650079
3790227
4420025
4247720
3703782
4592600
3800755
4148999
4847117
3857498
4653181
4620095
4515895
3767374
3751857
4824121
3736949
4593258
5006326
4502851
3755334
3632375
3637220
4680037
4216876
5023958
4249530
4637501
5014325
3849272
4913902
3936425
3697958
4656057
4604655
4332795
4531284
4327199
4912509
4549561
4344158
4165659
4592401
4612732
3769182
4301689
3769392
3611390
5022571
4457706
4420008
3710664
4622693
3611994
4834114
4694420
4218980
4368287
4016208
3591592
4275349
4422178
4582894
4246141
3772648
4082883
4194835
4472883
5008393
4575693
4301422
3845447
5010171
3766948
4232433
4657349
4868750
4302658
3593184
4608663
5049074
4769478
3615854
4341347
4901262
4278232
4274340
5014639
3925475
4669063
4477433
4052104
4361459
3576135
4946772
4554735
4681604
4222407
4434845
4912351
4642616
4562934
4667027
4514845
4489816
3722452
4332293
4611964
3690134
3987824
4964075
4806047
5010385
4400594
3902107
3980675
4762015
5002210
4035133
4338187
4253839
4357899
4259835
4371869
4103346
3652585
4597549
3637194
4488483
4422645
4857702
3895798
4166445
4189655
4661793
4397117
4595088
4460167
4337729
4593164
4253463
3630223
3735974
4366169
4172979
5018354
4069254
4405495
4899063
4399397
3959470
3887297
3584939
4648817
3888648
4182088
3917823
5011863
4504231
4594991
4561396
4408202
3656196
4153652
4324344
4459386
4644257
4538153
3815040
4313940
3896556
4674513
3878537
4617998
4360128
3912569
4547710
4356553
4687928
3871575
4302099
3856707
3618935
4365739
3574183
4705245
5069300
4022103
3628941
3914240
4246762
4771707
4647017
4187198
3798999
4219914
3718509
4518375
3879134
4844808
4691422
3657900
4588862
4911643
4576833
4605709
4225343
4476373
4050471
3859190
4343156
4850224
4179013
4358422
4414241
4446673
3813676
4354720
3741879
3756996
4016476
5003614
4289036
4708501
4618280
4474801
5073242
4524842
4585250
4531811
4650632
4931614
5022786
4588655
3600215
5016351
4311194
4424296
3607500
4583051
4105528
4514193
4957038
3807094
4629044
3613741
5072571
4255349
3879356
4334776
4469543
4604254
4345223
3948315
4913831
4656756
4602692
4358987
4586483
4697179
4595443
4404745
4389386
4541044
4340579
4676082
4576240
4428309
4565585
4527009
4200130
4685136
3721549
4916839
4955128
3577165
3883259
4779529
4362185
4657178
4433670
4644208
4591140
4141529
3934760
4634407
4443525
3829256
4212088
4183694
3673971
3588625
4900139
4530214
4633867
4831284
4586014
4334793
3707688
4562506
5024220
4642307
4102480
4425662
4558981
3806781
3789861
4590334
4630644
3954556
4660129
4564268
4094596
4403835
3767330
3624878
4901844
4561488
4633379
4695235
4656536
3857879
4548432
4969689
4562347
4476876
4511636
4881780
3583264
3818093
4117900
4530257
4584930
4596647
4497457
4554363
4550530
4699649
4466558
4881406
5005552
4339394
4381634
5068924
4894534
4661855
3832577
4848355
4831254
4545589
4548939
4372009
4486984
4121814
4335683
3801313
4372623
4683066
4194756
4588129
3665868
4602023
4626277
4370850
4517297
4965571
4580369
4895817
3953902
4667687
4598640
4226768
3959258
4142010
4302221
4126286
4279159
4219603
4054373
3648922
4351127
5062318
4268257
4167866
3567063
3665829
4890504
4354778
3678346
3807193
4559379
3709948
4670761
4590337
5023263
4884957
3751372
3623169
3959697
4620444
4699032
3931908
4321867
4669186
3588022
5005998
3971527
4456395
4177474
4839371
4050701
4336526
4564957
4321551
4370024
4332766
4900523
4104920
4482083
3811194
3592709
4247893
4572658
4066185
4127005
4631330
4544816
4628292
4638238
4266296
4009738
4893446
4458649
4403191
4652873
4161648
4074980
4055793
4675272
4414941
4401045
4512301
4414849
4432766
4966475
4652373
4637096
4804305
4494648
4199247
4640586
3794785
4848247
3796230
4793684
4274585
4653723
4826430
5003358
5012554
3568896
4437080
4122889
3610193
5041346
4508129
4320942
4240847
4051569
4500828
3804176
4044302
4435551
4094777
3945183
4915956
4212955
4485340
4052638
4387306
4553343
4177605
4285955
4420694
4119024
4192780
4474842
5025967
3582862
4457004
4683277
4424674
4791434
4582669
3698210
4516803
3914903
4438173
4077902
3637776
3624696
4328872
3824004
4442284
4284433
3970952
4532349
4117939
4342389
3682224
4371224
4904169
4069094
3802316
4229945
4393489
3792370
3765479
4375196
4036424
4584511
3823669
4117235
4682139
3734812
4596866
4487735
4619851
3775819
4558770
4680114
3770750
4430113
3922188
4322249
4167196
4438856
4559986
3569323
4624121
4074482
4260800
3726323
3582381
4624282
5051250
3849968
4586599
4342475
4074552
4328147
4155294
4870511
4650932
3712423
4429654
4435907
4317295
4904356
3694973
4026129
4550839
4351586
3667514
4496122
4285926
4100862
3885226
4479911
4249954
4456172
4229065
4239211
4914760
3694826
4643625
4754159
3570475
4379475
4584336
4494504
4460941
3587386
4392183
4628222
4517488
4922493
4394730
4213982
4696065
4394277
4557404
4230483
4616593
4233674
4678119
4563781
5004834
4627638
4140909
4538960
4689042
4793404
4664073
4210578
4897763
4887245
4266134
4382781
4344542
4487932
4032778
4399423
4149818
3909836
4352018
3723922
4375703
5017447
4415439
4487244
4789720
3590785
4163340
4961673
3956956
3862722
4365469
4370537
4460643
3760807
4062820
4394225
4289817
5013619
4598974
4426802
4333414
3896802
4608002
4615290
4968555
4416583
5014161
4344676
3994031
4438767
4556298
3685496
4914446
4663108
4280047
4637212
4335255
4686358
4888146
4487641
4887947
3790882
4646820
4278504
4409553
4324069
4935809
4601962
3656018
4879949
4531603
4291742
4088744
4061373
3856470
5016583
4257957
5015914
4637452
4613267
3728855
4610560
4596898
4328022
4070688
4859092
3568580
4079240
4694552
5026718
4839021
4414902
4079114
4232034
3598737
4047931
3824378
4258614
4634824
4102820
4693781
3631309
3677710
3662260
4483798
4660373
4372239
4349923
4637328
4351021
4067495
3655748
4277912
4440132
3741397
4368375
4558448
4536270
4074338
4260983
4597911
4221291
4682579
4621076
5016105
4511842
4687390
3607428
4401415
4806120
4465660
4546168
4795923
4800462
3929083
4325078
4495192
4375452
3666695
4639314
3934299
3766205
3932728
4098162
4679141
4539862
4140915
3818214
3822697
4305347
3880205
3606209
3768216
4355842
3819633
3746832
4578443
4215217
4408208
4466835
4258170
4496672
4390615
5006412
4619354
4458878
3968186
4017202
4278431
3998514
4629099
4369591
4451995
4419977
3711898
3907267
4613673
4422554
4652222
3983182
4645559
4692689
4610170
4536587
4323724
4623362
5057362
4036747
4198697
4141804
4341042
4538196
5000297
3617772
4445495
4205776
4588203
4221604
4696339
3624614
4912046
3918508
4426434
4842916
4103327
4103037
4083498
4922062
4651372
3836234
4461158
4596086
4555320
4381896
4381796
4420126
4366424
4894720
4610253
4781082
4827364
4058234
4681860
4511205
4182491
3777112
4376095
5024699
4244679
4918053
3762055
4663805
4327360
4560213
4114342
4575894
4630656
4474116
4406825
4373007
3731054
4547247
4952974
3876318
4455045
4361655
4111803
4167202
4408643
4586631
4793298
4461422
3695458
4632912
4839505
4208250
4596967
4107327
5005024
3589227
4111987
4387541
3760422
4662724
4014229
4133256
4557888
3737813
4295591
4382617
4896913
4638221
4899681
3786003
4145028
5004079
4679944
3678439
4869704
4489573
3671728
4729200
4223421
4252617
5005258
4236833
4067162
4384280
4355633
3969096
4593460
4361966
4600562
4596229
4079390
4635614
4403605
4604224
3917030
3656732
4560244
4538014
4568631
4676120
3957212
4404325
4910378
4585978
4208583
3644502
4545953
4434161
4283784
4174416
4967166
4728357
4199260
3968913
4552289
3696710
3816546
4154669
4965337
4850735
4650936
4207888
4662146
3715841
4508590
4271853
4539251
4232876
4384869
4163079
4600016
4324460
4548874
4424651
4027536
3787843
4156991
4157986
4639800
4253275
4260279
4602561
4788288
4577942
4347055
4890579
4301272
4400664
3917116
3719978
4044176
4618541
5024253
3746224
3948379
4437975
4083448
4553211
4697731
3674908
3730351
4611274
4012600
3635499
4171221
4598352
4524139
3886761
3571926
4117599
4274744
4441696
4229280
4468443
4668347
4669939
4203680
4434525
4658395
4682085
5045322
3733287
4336269
4680654
4887064
3645667
3830548
3916007
3880537
4150378
4438479
4053201
4369147
4841026
3571331
4208956
4610513
4372271
3881855
4629014
4209523
4971911
3675812
3607358
4090555
3749141
4280028
4552862
4263281
4514729
4255974
4484386
4586798
3713185
4549691
4194715
4174601
4602773
4010817
3801273
4887397
3918548
4618181
4911775
4371204
4653741
4160960
4326376
4149526
4456388
3647175
4825044
3903749
4088302
4674745
3858690
4421845
4674409
3764486
3854410
4563682
3962150
4641472
4690710
4522674
4965725
4746604
4131204
4169099
4012768
4078040
4784264
4326857
4417701
5053632
4432263
4063077
4706892
4595035
3956730
4498551
3908503
4551609
4201123
4469876
4588901
4311748
4548291
4705746
4132999
4344819
4329476
3735988
4578527
3645111
4529961
3771310
4550854
4243199
4886538
4501239
4058144
4229215
4406547
4241241
4545894
4438286
4467778
5000338
4319106
4548283
4555857
4222206
4476495
4573964
3837502
3678046
4640962
4121688
4881966
4645741
4308339
4235900
4280946
4234261
4965980
4326475
4902202
4661374
4377574
3601096
4514220
4308611
4144355
4092679
4276672
4339521
4739271
4680643
4053356
4526895
4363406
4458580
3896140
4368395
4245184
4014342
3747475
4432531
3622436
4409737
4320947
4116374
3805929
4645801
3595433
4920117
4491022
4531672
4458036
4685677
5017008
4367385
4875766
4060445
4643554
4506771
4455893
4682856
3988255
4154041
4861537
4595313
3579609
4850730
3583180
3832186
5019354
4354131
4480861
4511142
3662008
3953968
4583017
4337010
4344713
3907560
3962141
4428636
3906389
4667285
3620940
4361661
4541673
3967226
5073085
4646251
4454793
4213716
4552477
4466080
4188048
4403189
4633451
3771172
4407246
3866623
3595090
4346740
4636525
4376819
4667100
4584279
4148594
4254279
4435033
4526398
4368798
4458384
4435943
4921577
4581290
5220781
4522795
4216678
4594133
3850189
5018157
4387391
4543691
4099979
4210448
3672386
4552998
4654213
4311092
4677160
4526871
4350251
4948476
4307716
4635660
4002587
3598954
4583510
4780477
3737736
4189532
4683742
3975758
4225567
4894501
3959998
4631715
4914724
4174949
3708853
3732777
4483695
4653959
4307329
4183444
4428952
4034682
4587115
4266881
4163299
4118765
4351420
4685553
4442587
4083119
4292349
3684866
4239644
4335636
4690558
4520083
4630371
4329165
4694568
4624885
3961051
4553730
4609596
4548500
4038791
4147494
3610751
3580558
3957142
4207086
4549243
4659774
4303553
3584579
4348318
3779000
4657631
4588112
4600334
4336021
3805400
4615610
4649800
4855998
3843428
4513366
3612892
3917818
4546746
4541754
4610380
4062803
4342742
4527940
4602320
4635418
4237713
4051099
4436440
4459731
4696261
3858470
4862578
4564677
4907162
4564941
4560259
4819573
4322631
4468545
4686521
4471559
4241848
3656347
4575953
4561804
3794457
4577753
3594001
4369419
4802054
4044757
4044914
4361294
4473124
4614564
4630850
3898680
4194243
5054541
3876567
4498347
3984882
5022513
4014466
4673792
3915579
4606684
4358233
3807832
4462350
4621955
4406656
4103357
3787026
4449537
3822755
3951138
4335786
4602987
4138381
3581677
4441174
4661923
4482695
4366228
4139657
4659795
4966851
5027379
4634078
4593249
4953139
4011038
3902644
4784280
3752189
4052745
4902549
4856112
4395926
4634035
3612266
4586813
3647238
4594904
4139342
4614671
4059174
4107776
4617918
4653943
3758991
4683498
4515802
3887958
4451144
4448007
4561487
4681600
4879256
3636804
4713218
5044915
4167364
4587028
3627055
4201926
4448474
4657698
4630645
4521134
4500391
4604270
4337354
4786250
3771125
3957381
3675269
4950235
3666858
4707089
4894175
4070804
5020802
3931337
4042916
4574046
4423169
4214697
4282999
4043735
4538900
4505100
4423864
4565801
4414418
4891452
4322077
5035632
4145452
4889495
3863718
4545570
3755234
3944051
4616680
5013066
5067497
4047407
4571704
3562692
3780468
4051902
3586579
4202905
4153274
4350369
4914460
4092818
4405099
4107463
3759058
3743481
3819329
5005114
3603873
4527710
4325256
4006428
3671792
4717540
4492300
4457299
4575770
5059459
4687310
3605407
4043062
4794253
4390945
4539865
4270889
4613723
5053521
5017290
5024081
3666699
4387196
4915517
4421251
4510238
4685725
4233577
4565983
4154800
4962995
4259759
4818319
4856378
4684952
4536170
4262686
4353100
4263468
4594478
4381679
4555363
3579208
4667115
5070492
3756668
3723287
4887531
4254773
4151648
4537611
4196495
4291912
4545572
4184478
4967251
4572902
4465118
5024321
4678016
4852328
4620699
3640956
3704987
4650282
3794439
3949808
4866559
4046356
3707026
4272147
4356709
4204998
4893463
4107997
4375905
4312561
4115586
3726565
4853678
4597213
4865312
4741718
4685114
3781149
4686049
4762655
4693195
5020650
4212510
4286845
4146825
3595717
4441228
4311870
4286978
4013283
5072249
3792171
4516474
4015755
4409652
3808003
4304375
4631781
3899698
3996250
4572198
4476402
3586255
4463472
4835271
4556599
4434693
4052235
4615259
4608935
4536032
4556998
4479753
4042035
3631567
4510913
4480404
3863829
3993475
3796691
4611641
4587971
4369935
4096906
4810428
4833132
4520342
4324791
5008139
4491392
4676051
4169577
4137154
4153501
4685621
3560288
4558133
4230621
4265033
4158949
4956176
4603129
4143223
4142112
4382860
4893324
3710601
3720826
4193737
4365353
4358286
5057910
3653715
3919828
4219118
4634389
4490685
3748010
4418405
4847289
3665584
3613063
3639769
4459698
4560276
3884390
4644130
4092795
3846429
4289450
4678038
4061085
4359183
4330322
4699201
4370163
3947239
4663345
4052485
4089120
4697843
4717766
4313631
4330037
4579109
3978513
4122059
4603411
4577286
4391450
4179518
4823290
4574149
3824361
4012088
3757279
3839886
4448871
4469909
4403681
4467947
5019011
4548936
3870374
3810757
5007446
4670287
4665576
4498183
4447195
4894909
4668880
4301593
4807152
3615467
4606246
4099375
4359754
4591503
4536036
4592321
4645592
4236048
3948689
3705495
5052291
3823906
4829765
4895338
4182130
3631691
3644712
5074503
4675602
4877496
4473506
4556440
4471972
4168563
4650292
3764249
5068846
3827179
4037087
4554082
3662863
4664314
3640332
3692730
4590486
3797851
4971249
3682677
4513892
3880754
3834955
4478291
3961598
3787195
4581586
4166522
4900748
4819884
4561369
4520257
5071182
4536905
4370840
3872632
3594826
4269747
3930387
4522062
3679800
4900040
4897868
4306386
4169189
4548629
4609823
4635694
4533318
4629712
4108416
4313570
4176475
4344138
4821609
4934073
3908212
4167076
3793898
4209091
4340981
3656426
4099570
3698768
4684819
4547672
4678906
4219563
4220285
4088390
4454917
4588847
3787025
3763509
4417541
4399314
4603331
4496653
4379512
4511833
4343691
3988238
3582484
3960141
4380613
4285240
4068216
4636604
4376015
4421191
4164912
4546953
4202121
4335671
3845685
4152384
4902584
3773011
4379214
3975851
4151727
4620329
4638433
4903710
4336234
4342810
4273074
4783706
5063407
4476229
3847487
4745374
4267447
4852596
4668945
4435145
4323672
4143883
4649311
3704524
4574708
3807941
4644969
4541142
4463831
4554408
4313108
3917851
4352675
3947067
4690329
4083073
3683536
4672008
3587163
4374634
4477924
4823291
3789037
3963473
4757424
4861148
3696777
4248760
4588897
4536952
4500139
5012288
4267645
4599318
4540370
4207757
4836208
4599741
4334772
3712710
3607593
4719526
4423620
4532177
4625674
4200643
4038612
4050077
4900826
4440818
4638541
3978751
4052721
4467889
4613307
4206579
4027924
3599361
4304024
4545813
4111023
4531803
4738575
3893310
4030881
4647539
4888779
3665281
4576470
3855914
4314143
4488968
4539703
4487230
4870937
4241373
4691353
4452423
4547839
4056029
4496594
4880065
4326029
4596615
5071888
4640476
4547190
4353813
4370900
3977439
4235696
4396898
4250950
4612523
3701683
3823148
4846669
4320430
4655774
4088043
4583625
4306572
4291788
5011388
4090839
3971749
4903082
4055654
4493913
4170480
5016380
4552741
4428838
4856229
4662855
4771336
4550934
4445034
4864051
3758725
4414708
4369916
4224866
4592396
3722204
4657767
4690922
3888131
4586852
4792386
3569849
4661620
3847123
3733093
4237813
4841153
4972777
3909727
4492954
5017920
3983786
5005716
4365687
4636038
4647113
4696849
5221803
4642454
4412041
5013475
3703939
4560617
4542444
4635515
3821667
4269914
4467174
3944362
4546611
5064471
3714118
4643604
4696581
3735997
4573296
4483838
4315759
4832589
4026894
4661945
4573771
4921314
4679909
4341577
4166313
4313732
5024189
4389269
5064091
4462835
4129816
3906369
3670949
4552611
4741551
4409797
4689349
3816765
4433265
4182996
4811827
4667360
4852792
3957400
4674349
4534774
5021166
4818985
3688228
4404411
4246683
4448571
4519255
3661801
4320770
4247122
4553938
4402705
4644483
5009189
4483968
3763129
4016715
3730173
4696705
3942469
3558027
4522916
3886109
5008588
3854961
5019374
5065793
4527518
4917780
4262325
4463952
4268078
3682539
4675414
4324192
4371655
4166529
4697868
4043826
4602490
4345069
4285275
4620847
4434629
4425878
3791945
4417083
3608029
4435769
3735477
3749535
4758640
4600733
3702267
3702408
3956000
4600054
4296575
4473750
4333424
4107742
4619822
4274462
4259762
4918220
4583111
4891718
4557947
4320693
4616459
4637264
3812584
4646319
3851189
3735102
4449943
4542457
4555707
3612460
4016368
3824823
3839725
4177809
4586304
4654225
4307343
4618616
3624870
3822733
5003667
4650640
3772424
4933449
4838618
5220851
3951911
3989693
5064002
3702892
4695063
3688877
4558884
4501414
4889438
4419567
4796475
4610106
5002201
3613664
4529744
3858386
3999560
4588136
4090086
4331629
3827825
4681144
4399019
3620854
3769109
4171052
4660112
4328452
4122648
3915167
4642928
4136051
3845623
3843183
4501962
3823222
5064366
3640294
3621158
4249685
5009069
4500358
4574886
4223452
5012112
4916718
4189238
3793520
4481513
3803020
4610492
4621225
3792871
4781646
4334399
4507502
4637052
4227325
4357172
4357555
3804323
3639887
4195564
4328457
4057668
4390207
4321733
4400098
4359635
4636307
4966853
3651204
3603930
4653722
4437951
4849491
4806000
4573825
4911385
5073502
4593508
4614726
4636973
3718070
4863942
4205622
4722681
4476732
4389832
4431790
4433691
3724312
4245882
3628149
4073170
3738232
4684097
3664593
4680476
5043508
5014606
4213907
4525148
4591191
4369719
4563111
3836030
4863710
3766026
3757484
4686677
4393845
3777657
3666931
4250218
4491138
4233584
4318714
4643726
4466607
4599025
4075685
3907717
4895329
4441524
4623841
4286067
4295300
4863845
4581349
4656388
4735411
4355800
4153064
4642187
4506415
3727745
4904712
3969381
4737146
3791329
3944181
4653430
4830956
3746015
3998087
4651656
4160262
4272096
4287297
3687231
3664311
3618472
4968456
4598370
4574762
4547197
4343018
4550628
4886133
3789695
4687867
5056464
4280724
4239120
3910620
4200641
5064134
4517717
4543953
4576998
4485636
5220725
5013405
5016618
4329988
4919232
4317011
4484404
4967701
3829361
4309852
4601287
4561512
4959950
4650671
4609501
5014077
4148154
4487564
3643124
4967410
3623831
4547362
4490645
4531589
4222595
4028025
3570167
5062697
4240051
4221174
4613520
4620161
4132590
4136175
4538502
4330815
4351444
4513482
3637420
5067422
4094742
4691086
5014543
4203844
4636588
4034451
4005260
5012464
4190877
4499551
3574528
5222325
4502630
4174165
3769562
4876903
4452038
4617481
4577887
4062827
4233926
4688935
4150534
4129802
4890634
3909758
5074002
4421056
4359775
4047764
4588256
4059389
4890445
4563657
4659037
4601701
3666193
4398180
4653434
4051327
3627132
4698114
3784387
3967594
3965638
3621954
3599095
4498258
4859533
4606473
5004700
4293747
4606958
3727246
3791693
4628615
4202448
4696696
4267429
4615594
4412512
3672208
4192974
4556030
3963935
4459884
4164917
3820760
4763075
3584805
4050900
4953706
3597366
4258316
4616504
4248908
4168978
4548691
4964820
4486587
3919566
5076220
3833509
4455138
4299812
3941379
4672048
4412544
4400233
3692868
4638808
4509997
3726837
4607955
3749560
4448550
4431958
3804584
4382025
4120844
3984286
4652763
4677039
4240122
4029132
4545171
4179548
4554654
4218234
4408974
4890316
3604021
4518741
4579519
4491221
3848471
4352735
4363944
3651160
4386631
4113432
4640656
5031128
3840691
4319687
4217113
4178665
4394973
4825366
4561514
4099850
4458754
4587980
4275465
4484092
3568631
4615512
4350202
3741298
4460520
4512278
4677416
4211357
4192589
4212131
4330177
4646488
3865125
3761175
4420570
4697763
4362348
3584624
4406369
4022502
4549304
4820112
4058721
4602348
4322411
4034964
4905457
4257965
4067621
3771448
4403570
3825066
4958616
4682444
3724118
4590509
4198035
4606015
3736446
4696414
4674309
4157427
3573035
4448436
3657237
4600385
4625294
4377241
3750930
3603157
4460262
4593534
4559106
4494819
3679407
4443732
4728386
4575139
4730233
4663285
4394279
4621891
4244176
4135022
3766785
4834407
5028368
4379600
3925242
4228737
4597903
4799660
4445614
4481362
3571683
4297705
4071142
3650545
4664996
4322834
4757193
3914649
4789280
3806280
4669344
3560002
4893015
4709274
4623317
3961269
4243274
4440777
4557327
3777367
4591376
4349283
4918398
4123515
4296089
3616808
4536195
4923081
4480413
4134267
4653172
4485092
4604949
4673447
5010609
5059885
4463530
4092204
4141858
5010208
4390455
4003025
3922580
4632243
4409228
4611569
4280287
5011827
3703179
4356721
4643100
4596780
4288077
4319865
4306236
3597234
4758099
4577780
4611273
4634780
4912587
4312492
4191919
4465878
4282159
4113402
4522087
3916445
4644841
4518894
5071924
4683287
4316736
4596619
4666048
4232005
4605017
4518367
4449912
4335692
4605494
4353895
4427639
4114976
3879380
4019204
4545736
4156626
4384378
4033793
4220869
4559896
4765416
4506606
4376996
4781711
3658800
4525570
3742123
4707864
3716526
4681151
4641335
4602927
4656202
4565146
3717712
3909544
4588904
4160063
4650098
3886421
3799916
4355120
4270522
3973396
3678325
4291534
3729690
4535910
4874384
3719600
5022501
4177878
3853588
4913752
4963819
4098187
4587232
4442668
4409504
4115326
4880162
4489132
4454991
3695503
3814422
4529030
4114363
4186495
4407346
3669679
3965173
4642420
3691045
4367928
4075227
3995210
3881073
3928473
4804410
4193260
4084099
4328398
4291263
4763135
4534905
3632619
4338900
4645197
4272546
4395039
4945341
5023742
4346166
4424670
4012715
4250615
4685505
4653761
4076146
4963599
4495713
4186510
4969456
4055376
4260292
4076004
4073715
3714516
4534857
4400172
4201955
4612826
3978038
3786330
4083268
4165094
5007951
4229183
4236176
4206008
4881757
4005141
3958688
4376583
4331252
4045286
5043744
3728241
4047542
5220275
4539094
3703596
4495762
4565145
3896142
4157165
3773034
3926006
4585839
4096292
4826752
3698859
4591011
3682353
3867630
4180711
3773636
3587949
3907386
4425170
4547289
5003537
3751276
3860126
4971846
4691687
4664916
4515932
4610333
3634653
4165933
5045327
4486169
4861165
4573807
3724779
3604385
3820967
3760453
3892181
4910718
4003745
3950561
4684509
4390942
4305461
3697396
3838337
3816058
4691268
4467211
4117030
3903673
3870153
4631519
4412927
4933650
4679318
3783022
4180981
4160097
4672039
3712732
4844815
4581550
4248018
4072947
4644812
4644964
4620442
4657957
4404334
4462872
4304994
4881170
4718918
3701171
4585435
4039004
4784598
4652848
4434588
5023209
4319498
4378507
3670342
3963054
4409468
4610972
4555266
4419681
4561372
4673813
4635512
4030752
4903632
3929384
4115054
4627124
4034284
4280834
4680013
4676769
4951749
3669776
3878752
4520337
3719228
4574768
4429810
4632909
4436662
4690848
3691261
4686891
3918168
3675222
4617516
4950908
4208031
4633958
4490290
3811386
4211109
4087221
5032760
4660212
3717904
4335154
3737693
3662427
3882434
4680018
4654068
4217963
4330510
4300302
3810622
3693274
4479370
4375296
4016519
4633081
3680478
4354619
5220091
4576434
3584281
4358185
4439837
3598399
4594460
4430452
4867332
4591655
4394291
4608263
4299623
3762773
3584886
5031425
4345808
4555169
4598566
4328123
3861326
3763316
3802850
4263729
4305271
4889796
4175237
4391903
4512834
4314415
4864724
4382503
4965348
5014737
3755841
4479223
4602601
3859003
4661625
4093183
4887713
4068581
3586778
4774883
3572152
4659650
5006820
4263611
4351991
3885563
4579557
4440654
4808618
4336222
4193732
3571313
4250694
4682372
4465383
4658025
4868336
4357130
4356773
3714000
4451469
3742072
3742042
3583289
3721643
4118092
3637525
4678121
4202043
4881055
4088000
4892041
4540244
4531165
4361986
3615386
4550477
3835657
4852932
3794367
4098619
3598088
4868350
4288164
4430190
4460704
3588287
4551815
3670078
4830445
3571574
4426352
4043208
4226104
4914375
3723817
4371352
4665535
4300067
4405242
4629106
4631863
4211258
4314076
4069581
4315390
5222557
4428291
4183832
4174356
4564784
4618513
3971879
4301432
4062693
4811190
3904498
3962207
4637282
4313196
4481035
4364007
4488218
4137078
5018796
5064219
5075119
4465152
4400892
4174692
4608462
4507541
4522908
4689960
3706731
4514906
4614234
3574204
4054868
4706921
4681187
4430669
5061322
4408736
3783573
4430219
4068896
4434412
3654352
5051045
4610736
4215487
3686660
4610432
4653633
3979583
4887051
4636045
4866607
3756249
3677483
4438838
4611511
3766148
3579429
4679447
4031978
4691867
4269913
4113573
4897449
4605180
3612337
5074206
4952970
4670305
4017465
4217915
3614384
4463729
5012348
4608178
4030825
3895910
3715282
4855952
4313734
3678204
4099262
4564310
4285043
3564961
3840629
4218916
4972836
4137898
4654986
4922852
4373091
4412476
3874561
4528021
4234044
4609665
3876452
3569312
4565702
4255463
3971494
4560690
3642005
4340296
4918218
4947827
4433181
3814494
4517531
3802701
4679235
3715744
4375444
4552765
3576939
3976036
3806818
4526779
4596334
4543302
4694023
4850451
4661221
3613623
4444564
5004378
4933474
4591257
4432756
3876946
5009863
3970543
3750471
4346282
4816120
4564169
4674722
4653165
3756678
5007002
4575657
3562019
4116343
4891613
4268104
4421260
4692361
4686817
4204258
4529248
3802985
5070720
3769226
5015799
4822135
4460334
4688844
3890028
4627728
3906437
4595641
4539731
4674932
4674424
4478792
5011375
3841112
4639686
4348807
4147143
4575682
3807755
4518482
5017366
5006508
3992898
4803485
4565611
4333983
4017209
4548969
4544836
4486687
3990554
3871831
4060696
4605318
5008583
3615770
4348089
3980073
4647454
4665429
4589151
3729937
3826889
5023735
3576652
4437602
4169457
4617430
3937548
4557442
4971308
3828740
4637468
4318300
4323289
4841355
3760634
4677794
5060501
4555544
4627843
4458044
4858422
4679171
5007144
4400136
4693591
4490855
3926608
4605530
4580149
4493253
3673228
4571920
3598080
3682286
4587248
4251556
4534248
4740688
4661367
4518275
4803484
4610861
4381003
4570314
4478086
4334892
4889590
3745448
4496434
3635943
4624594
4344162
4030298
4249244
4153511
4276108
4171427
4501808
4653220
4435710
4591290
4472859
4450961
4472811
3920396
4805967
4550686
4478177
4471214
4586870
4343562
4220843
4143962
4631849
4661782
4694850
4231420
4908136
4041294
4503117
4326626
4552013
4401343
4114171
4677740
4673881
4557803
4515974
4612877
4464962
5016168
4695001
4228707
3753981
3909798
4521842
4357554
4512601
4070423
4252247
4460288
3984935
3987070
4564506
4041037
4515220
4403612
4192511
3723723
3862744
4908942
3820995
4954941
4082434
4885002
3875462
4502361
3641966
4215189
4664098
4768243
3805644
4071544
4591641
3958184
4184607
4008318
3922333
3801293
4847911
4596367
4157399
4220571
4480144
4657179
3669253
3619220
4904578
3805855
4667019
4387527
4489776
4238767
4141749
4641558
5029612
4177749
4218232
5039757
3640691
4427826
4050729
4230424
3679548
4430752
5043715
4860646
3834939
4453665
4154906
4484705
4548770
4603194
4495943
4831030
3694696
4147887
4695003
5010876
4240626
4486916
4120011
4378885
4073099
3935360
4143293
4018370
4007251
4445768
3769612
3863602
4386655
4614314
4390529
4472334
5008015
5221244
4367990
5222692
4591632
4349271
4756361
4104391
4636171
3771722
4253700
5002505
3581273
4905868
4185640
4342227
4893121
4558535
4694195
4636243
3667862
4563174
3613198
4644498
4301651
3944436
3666163
4611418
3831969
4514522
3815576
4681509
4266673
4457156
4462292
3763441
4406482
3572307
4907075
4266006
4407683
4527908
4425089
4521576
4857223
4539268
4853562
3733679
5062550
4512158
4120803
4622292
4263368
4637984
4597720
4591812
4620229
4530455
5000914
4217232
3976982
4556863
3810824
4205279
4107544
4532897
3727114
5025651
3878728
5014247
4308903
4802115
3936741
3982439
4590057
4232620
4384215
4399033
5002148
4066039
4656533
3883658
4267244
3593984
4063056
3797671
5009724
4285263
3719591
4337040
3906069
4474585
3564364
4846509
4903024
4454065
4883751
4371570
4123100
4032185
4597006
3937592
4590327
3944528
4121964
4710027
4089756
3860983
4708293
4579540
3725849
4321172
4616634
4676629
4465272
4605712
4292242
3590286
4478114
4519291
4461281
4378204
4542864
3887965
4555404
5000497
4119218
4607660
4411621
4668708
4639266
4178871
4157612
4150930
5050889
3581888
3987504
4427788
3962204
4600644
4636530
4526130
4661307
3611813
4205825
5019468
4610956
4971312
4018814
4193545
4209503
4601122
3826171
4028269
3559167
3678985
3861944
4516994
4325694
4675652
4277478
4562806
3708741
4005772
4509386
5073380
4679432
4377794
4498261
4896873
4707836
4542803
5015260
3993493
4434912
4441249
4379532
4401364
4580630
3802848
5006215
4093690
4626996
4446113
4440405
4316965
4785807
4856995
4114851
4182052
4678500
4292409
4586037
4564870
3570957
4480168
3693178
4562521
4552285
4349834
4208388
4460923
3775813
4342316
5066582
4866334
3728547
4209464
4542387
4413929
4168893
3633698
4506676
4918365
3626669
5035614
4605816
4300711
4662143
5068052
4336491
4095822
4261860
4532865
4557357
4310942
3850670
4625879
3664143
4547392
4501078
4647632
4448564
4867799
4141811
4084241
3700495
3708007
4367549
4507873
4156103
4616185
4211443
4341249
3989332
3979773
4647387
3717935
4351530
4838611
4895511
4293618
4159178
4666336
4273447
4683828
4585125
4243644
3847571
4765400
4412562
3786984
4308830
4583747
4435768
4597185
3605565
4347879
4672120
3923245
4471491
4643967
3731325
4667695
4875890
4763089
4325783
4535866
4044013
4400171
4193083
4084295
4826636
4526151
3601850
4583122
4523260
4429113
4199153
3582617
3755367
4414564
4438661
4644661
4583652
4263564
4480980
4438536
4339175
4709238
3750151
4698883
4453617
4462429
4509536
4055562
4672585
3587179
4512063
4320916
4685530
4920661
3712489
4402051
4280684
4369567
4549501
3911983
4780667
4444972
4180077
4475934
4368868
3905816
3739367
4044716
3770823
4098315
4609230
4682644
3823720
4890457
4298840
4686393
4699417
3668528
3715980
4097997
4369889
3597452
4436613
4523317
4558079
4668607
4642294
4109061
4023049
4200578
4239973
3809933
4522590
5074144
4479172
4420482
4606415
4183913
4322462
4331809
4081102
5047448
4697307
4586422
4858522
4844222
4626629
3788174
3900021
4120070
4414019
4628803
3572382
4495816
4868536
4968418
4076244
5066864
4614843
3833620
3947202
3968648
3924384
4722785
4335625
4449962
4574896
4880356
4670170
4408179
4432974
3568846
4603560
3810094
4612480
4416875
4799108
3811432
4542926
4262709
4543262
3632440
3773614
4489932
4461321
3951670
5006182
4588162
3631847
3942174
3561712
4158467
4404676
4555549
4541193
4524860
3625093
3849679
4815775
4379599
4449965
4142115
3806778
4277142
4905115
4409567
3989922
4408563
4466652
3816035
4614443
4678857
3741235
4357645
4293813
4633700
3753623
4434103
4285616
4491560
4357216
4183609
4378581
4693234
5021493
4629662
4017800
4481422
4655482
4631939
4288609
4971758
4212394
4509853
3852402
4458089
3904186
4696379
4597594
3947396
4575626
3670460
4809578
3948480
3904670
4461719
4529502
3715264
4828629
4888507
4378336
3680969
4293550
4423539
3725480
4522099
3919087
4272588
4191348
4537423
4526530
4260655
3789011
4790932
4624043
3766711
5016871
3896706
4478563
3883745
3935205
4156735
4583285
4282274
4468682
4427775
4895839
4564730
4508117
4472572
4010234
4575631
4012908
4004607
4581201
4840193
4136822
3672984
3849855
4831448
4475324
5070813
4360174
4557994
4485188
3907758
4289807
4521662
4280121
4544783
4315129
3598651
4680066
4412623
4358838
4449299
4041953
4380940
4625485
3777974
4540646
3893383
4523298
4132588
4560119
4619364
4250193
4630632
3964629
4276144
4658793
5066532
4381783
4582680
4460613
4455746
4518014
4484998
3756387
4648306
4842491
4446432
4239025
4354635
4055657
4148803
5010717
4536600
4891497
3925505
3697984
3776326
4087400
4125380
4411658
4616989
4374447
4467992
3983413
3732145
3695309
3925071
4109348
4880294
3845858
4769191
4786015
4028360
4502540
4403496
4561058
3671451
4856498
4680741
4276140
4446282
3756542
4757112
3907087
4468102
4827154
4041157
4079749
4354834
4227157
5040230
4367722
4481234
4650841
4522090
4074186
4638604
3935362
4683188
4825512
4532390
4234817
4771821
4394078
4788805
4634110
4179707
4427884
4119445
4541713
4063150
3797149
3683137
3620047
4079693
4272694
4166874
4562001
4848998
3847780
4586997
5043750
4201944
4044544
4442561
4512088
5005438
4535634
4855392
4045156
4480718
3791451
4429063
5001985
4333741
4654271
3902246
4009632
3650230
4548584
4395111
4355974
4512139
5015770
4337561
4908293
3781938
4029832
4547868
4641923
4143557
4609486
4476441
4564397
4312846
4697729
4298660
4346920
4749378
5022781
4183455
4151834
3780829
4359028
3688389
3913899
3721545
3981388
4661747
4715437
4746541
4677360
5002525
4248517
4165637
4433884
4625347
4194183
3628661
4420600
4356559
4286712
3623415
4540774
4374081
4148772
4791644
4038266
4565923
3648021
4217588
3994160
5022788
4917580
4968181
4897351
4388115
4724881
4520840
4207695
4063536
4087578
3780722
4826094
5022154
4536931
5032857
4426965
4117501
4154342
4002187
3683715
4964660
5010592
4654171
4307190
4906743
5012164
4628571
4728914
4610927
3835609
4961555
4092883
4915876
4553353
3719502
4117176
4662520
4466775
4472461
4579444
4627828
3705884
4650743
5220705
4332986
4125467
3931882
3771118
4627578
4770171
4693287
4871535
3992880
4508323
4157658
4281522
4461197
5073528
4178530
4873336
4649725
4609551
4496009
4828390
4347161
4004975
3848291
4088073
4499143
4693626
4426094
4590177
4530856
4408457
4580434
4172114
4248283
4638722
3790091
4409824
4671519
5010255
3770283
3896145
4105540
4834247
4384208
4075169
4549404
3714213
4917040
4699064
4659803
4600124
4560926
4582628
4483357
4343230
4038428
4948970
4680660
3763946
4546584
4591741
4146008
4405980
4761677
4540590
5011687
4420413
4403183
4663341
4280846
4303595
4646209
4542297
3694367
5072635
3707650
4149586
4516878
4697883
4555005
3704095
4424548
4234327
4476825
3910943
4196116
3761961
3575999
4659739
4141983
4598849
4335237
3704051
3763704
5025506
4530418
3848246
3735449
4437919
3657529
3637314
4215991
3695802
3600593
4515798
3681540
4670657
4232623
4581142
4450380
3984205
4100209
4149593
5031618
4308465
4812484
4149089
4617099
4415421
4515442
4252186
4516017
4619948
3574846
4692273
4840838
4336627
4514924
4007831
4252773
4004642
5037518
4344132
3586567
4622830
4248421
4772552
5220970
4079148
4665656
4283814
4343080
4595046
3837856
3629435
4393576
4641059
4406791
4431209
4589284
4468810
3742695
3804940
3630152
4530210
4601710
4690897
4178250
4563519
3931728
4627642
4586118
3684588
3942830
5013836
4525302
4885582
4642901
4596788
4613958
4614822
4881594
4272791
3662064
4437024
4598629
4144950
5014017
4434562
4526799
4204173
4716387
4376100
4379783
4553024
5013190
4530309
4181507
4559877
4577853
4559923
4382184
3739240
4645933
4575180
4526773
4219991
4444507
4696657
4695535
3846332
4480923
4575547
3571688
3615086
4248558
4552184
4371997
4626707
4168289
4274363
4636046
4287766
4020729
4688549
4626712
5042269
4615552
4590216
4611614
4165372
3926369
4546440
4565614
4555290
4459433
4235389
4029406
4382272
3776925
4554792
4437885
4311378
3912982
4123131
4265751
4684289
3663299
4387083
3725536
4666747
4818733
4078527
4045871
4265295
4541062
5072388
4449134
3669172
4845210
3993418
4657460
4557361
3991994
4072386
4090931
4385212
4104570
5023050
4413261
3937665
4553312
4373672
3732894
4174583
4595744
3602787
3660759
4415801
4855847
4511410
4360108
4602416
4079983
4508233
3583586
4239996
5012611
3735284
4424804
4654258
4643844
3850735
4029919
4545849
3704932
4682524
3709725
4193462
4883492
4174918
4623870
4595686
4914394
4654802
4571301
5000821
4438140
3605450
4164538
4585466
3832663
3911009
4008311
4583266
4501450
4462288
4290369
4598164
4847187
5013350
4636317
4642110
4029638
4194008
4756316
4373483
4336515
4004426
4948763
4554750
4363904
4399712
4514421
5021472
4353275
3679229
4231694
4362009
4697234
4169889
4769662
3903583
4411632
4631627
4521924
3963424
4910958
4161252
4644950
4597312
4565305
4060334
4599783
4682126
4194111
5010884
5010960
5002972
3584956
4655561
4829183
4567847
3935327
4599623
3606738
4661660
4172424
3928024
4524305
3863518
3648458
4658076
3638646
4895145
4298907
3841564
4693058
4484174
4480276
4682289
4350335
3763554
4451067
4555871
4676453
4394863
4253369
3677288
4624478
3719757
4485083
4564102
4222809
4500545
4162555
5011989
4607530
4240602
4424255
4263869
5011520
4578520
3820143
4088856
4132112
4402969
4237147
4674147
4690773
3903344
4922255
3754720
4669282
4636233
4008880
4819997
5022744
4657852
5049132
4557759
4593395
4577870
4024435
4659070
4551999
4543288
3631491
4397667
4691698
3984884
4661339
3706034
4501484
4583233
3735982
4575123
4685402
4629127
3818832
4851724
5005726
4636257
4467380
4323667
3837171
5070199
4091681
3829302
3783105
4610278
4581039
4545885
4631971
4904950
4539093
4686335
4657059
4589439
4580130
4417369
4587152
4424163
3691975
3687722
4212361
4513937
4540344
4529363
4155515
3768782
3706654
4612256
4258248
3747858
4867806
4056514
4660504
3603301
4573281
4306261
4119368
3754962
4310177
4969468
4556567
4346089
4347645
4393330
4587849
3961226
4636568
4182278
3837536
4576345
4429095
4108968
5000536
4446633
4012331
5005230
3727161
4064432
4469200
3656771
4517378
5030597
4682096
4247757
3755384
4631965
4066636
4420226
4006236
4072031
4428875
3719472
4634522
3829020
5052852
4276758
4532451
4436859
4710102
4682983
4382421
4211789
4227259
3873438
4617211
4461284
4537203
4137873
4608856
4646077
3991972
4847402
4581589
4150873
3684913
4613500
4458557
4933537
3817880
4629443
4190499
3676722
4251893
4497267
3573137
4411639
4651071
4689345
3836589
5021083
4324657
4468870
4651619
4086404
4298558
4970271
4575674
4066796
4339385
4920855
4655185
4664447
4585647
4338157
4545330
4490428
4880580
4419549
5012552
4528418
4560920
3858703
4669425
4203327
3937551
4820067
3893120
3696858
4482333
3865616
4417685
3756416
3959757
4590537
5015242
4385010
5006432
4930853
4173150
3913391
3629271
4110022
3810693
4392112
4576283
4494706
4767743
4575917
4124514
4347581
4587353
4122764
4650431
4584727
4140242
4665992
4854321
3734176
4674901
4506736
5220718
3557955
4200113
3842280
4379472
4387469
3783247
4088290
4309090
4027723
3903255
3744603
4272777
3655239
4418327
4377237
3809468
3629111
5220655
3682578
4125140
4464322
4345932
4147272
4264143
4494308
3955522
4073863
3590814
4813805
4366803
3964502
4104669
5010485
3730137
3871862
4456720
3770742
4473700
4044097
4475689
4351998
4833111
4120157
4333609
4568627
4658662
3621669
4638430
3559227
4045810
4094653
4325359
4402806
3919851
4651914
4282889
5221229
4922150
4507811
4599120
4562673
4281222
5031405
3704752
4413904
4884386
4808029
4484514
4476517
3846939
4617975
3955547
4173634
4656448
4606351
4193691
4288269
3707051
3828164
4615693
3820009
4773948
4488485
3634728
3616188
5008112
4741240
4626590
3697129
4614647
4655507
4676506
5024533
4627802
4426630
3695746
4520243
4157874
4558218
4304635
4099202
4507047
4324452
4594858
4421475
4094955
4615968
4090824
4415075
3630848
4166541
4545962
4415105
3747314
5027826
4051261
5022200
4670417
3868323
5069789
4521944
4191214
4601437
4473998
4679212
5006010
4290292
4437364
4347504
4273267
4446946
3772676
4279068
3730327
4256312
4446935
3586995
5065814
4434082
5006183
3592867
4430225
4824465
4011373
4455887
3780737
4556974
4620946
4002606
4627387
4677275
5004436
4624118
3874591
3656924
4253370
4656324
4518969
4647022
4856644
3565908
4173260
4399420
4628902
4732028
3895257
4969921
4516526
4321535
5016222
4546018
3842347
3934095
4532221
4422122
3789204
3592674
4598262
3988410
3670948
4681294
4580503
4932023
4013129
4118728
4625662
4427629
3633235
4913682
3996399
4567061
4157349
4969591
4354502
4177869
4682825
3623131
4003304
5002324
4374479
4966218
3692617
3591181
4459405
4051446
4315017
4189039
4206156
4211411
4171788
4288971
4242355
4693453
5002485
4197273
4270923
3618899
4612575
4156465
4650230
4889423
4488347
4540896
4305958
4379392
4225839
4922068
5035421
4384673
4564878
4147399
3858260
4028722
4589107
3752616
4683988
3612675
4832250
3892809
4374602
4205745
5000827
4079790
4285026
4618885
4649526
4530544
4287041
4973068
4609122
4623830
4344594
4226195
4264245
5015149
5023895
3782264
4547056
4794538
4042460
3559844
4652870
4435177
4165638
3681162
4188993
4972150
5221257
4072491
4010253
4970096
3826295
3965865
4498691
4671043
3566227
4557852
4124208
4708332
4873042
3665697
4667050
4674866
4632627
4360632
4550141
4358400
4145682
4051265
3818447
3736754
4104416
5220215
4602781
4393320
4517674
4612534
4686039
3559736
4088899
4181749
4425905
3628510
4015012
4692130
4187075
3711597
4449721
4561621
4287265
5009759
3737086
4640078
3742918
4514946
4282894
4511387
4630383
4560999
4505948
4441940
4467344
4667626
4903803
5067533
4556214
4250517
4677941
4635457
4046459
4602249
5061578
4831461
4464062
4086703
4670837
4480560
4861963
3988597
4005451
3825986
4484782
5017707
4524319
4257281
4404305
4095860
4656129
5002014
4662140
4722057
3566906
4107917
4658764
4335952
4642598
3795926
5221901
4621598
3750179
3687666
4335331
4451779
4302994
4216518
4650728
4509723
4865504
4634638
4408573
4395358
4275308
4003952
4950680
4811417
4600057
3870789
4631902
4484183
3752243
4329665
4245258
4492834
4786792
4612577
4671232
3773222
5025491
4297523
4663638
4832194
3577328
4475709
4627198
4250101
5004340
5071156
4169971
3973926
3789127
4524747
4273766
4503209
4368043
4424345
4537755
4547870
4327129
4026950
4693338
4594558
4718293
4894920
4325244
4258555
4887821
4641512
4412024
4387501
5007272
4241907
3590307
4352732
4545445
4616410
4193199
4604815
4407847
3918565
4049311
4070728
4522301
3765615
4788459
4253883
4555500
4187414
5067241
3903275
4481460
3813086
3644785
4609094
4616624
3983901
4185394
4807580
4511315
4078979
4695540
4893175
3735192
4619610
3589548
4441555
3698715
4813722
3886876
4575940
3704480
3986191
3678370
4780800
4580848
4419204
4602338
3796020
4323296
3706502
4160876
4602651
4069434
3832164
4082325
4039225
4524820
4365853
4413238
4654418
4603487
4279694
4626333
4682278
4565260
4566991
4610130
3963732
4206305
5066342
3925013
4487885
4085046
4716368
4106603
4914074
3948086
4559523
4657748
4349756
5029002
5036075
4571854
4558714
4321054
3805296
4358900
4458280
4260661
3792551
4394916
4563128
4506507
3831809
4058578
5035938
3665454
4418377
4912872
4187192
4191266
4641948
3649471
4669601
4901167
3743863
3615250
4442232
4370258
4445672
3601087
4037658
4232524
4904764
4589683
4148397
4190865
5008303
4689266
5068670
3751053
4446172
5022518
3682663
4334392
4807769
4395985
4342446
3803096
5221214
4061948
4389343
5008827
4343379
4905103
4327845
4323727
3862220
4486272
3949049
4362511
4053911
5055132
4517224
4646128
3793145
4787911
4593153
4324363
4834133
4430111
4884715
3893248
4548257
4519211
4523542
4241996
4200790
4461538
4717862
3844745
4386643
4593675
3819057
5060439
3704703
4086931
4680972
4087964
4557055
4613387
4180178
4575573
4213143
4474367
3871381
4476778
4605137
3892546
4878920
4553302
3749093
3645691
4378299
4236148
4727340
5008001
4396400
4342958
4504658
4647028
4444048
4540484
5009512
4327250
4189409
4886944
4419332
3788314
3585109
4557891
3985114
4471798
3954536
4537788
4635700
4093458
4552488
3695205
3746139
4917652
3677547
4446646
4555624
4635880
4501797
4239017
4613086
4105525
4534872
3815861
4192202
4647049
3563991
4513773
4760513
4383369
4545636
3704149
3734911
4562013
3933756
4342220
3672315
3847658
3607374
4603722
5073401
4312226
3825162
4294384
3686913
3979487
4177108
5064070
4540171
4233366
4699652
5034040
3697106
4611667
4548273
4509646
3583946
4283441
3698187
4361605
4687006
4745386
4206118
3565313
4459252
4524013
4637406
3691645
3802391
3977569
4273768
3760286
4507815
4711787
4197554
3875766
4343764
4444117
4228503
5005945
4614961
4368710
4605868
4376190
4652465
4038849
4262051
5009596
4618284
4021579
3976230
4149867
3722892
4563742
4828647
3893069
3776899
3954331
3905606
3825436
4509761
4384538
4064825
3772674
5008202
4137468
4516014
4393090
4346327
4140823
3893073
4297469
3833836
4102321
5009013
4632066
4221605
4431378
4170886
4254687
4095116
4533535
4157098
4042297
4510315
4852824
4640786
4335558
4581099
4969416
4385558
4446067
3799163
4482156
4252022
4045081
4429039
4826702
4369647
4908711
4601782
4890474
4672161
4365680
3673318
3601270
4248954
3649015
4331127
4345343
4639537
4547331
3873806
5022514
3850502
4228419
4507249
4007036
3795661
4476116
4667869
4698235
4041868
3628286
3744215
4680714
3974339
4159932
4170138
4691783
4608160
4377943
4191151
4628033
4861986
4255885
4143611
4689599
5013960
4265364
4142364
5016727
4406567
4430765
4847772
5068522
5220286
4115123
4782193
4148841
4614835
4751764
3960281
3915198
4528246
4178566
4638667
4191048
4626699
4510225
5055722
3801114
4524421
5220641
5019237
4315758
3802677
4690575
4038525
4614934
3566477
4582466
3943133
4910074
4659293
4307635
3830317
4244913
4592705
4314578
4670288
3935580
3966041
4658119
3749117
4382885
3713850
3942649
4612441
4421359
4669487
4596958
4152111
3758990
5004418
4191234
4660482
3738729
3906581
3764047
3596929
4683061
5002522
3895624
3951574
4375248
4682681
4439688
3652455
4647626
4522784
3830592
4688598
4529820
4543294
5006269
4036966
4699033
4034519
4583470
4622597
4144085
3637226
4455994
3996631
4043714
4342871
4560524
5072090
3681562
4146367
3579710
4894241
4385561
4271824
4002409
3806325
4303861
4377583
4497903
3653551
4543789
4529524
4291389
4169286
4435788
4549826
4715055
4345747
4920162
3852614
3604140
4111272
3927403
4960235
4964022
4664445
4630779
4503747
4952734
4675368
4879440
3664606
4598702
4606084
3981750
4615894
3729776
4576710
4659819
4378907
4556011
5071978
4532602
3609331
4540975
4530194
4364499
4954307
5002845
3720370
4612763
4177923
4078828
4649148
4632802
4643501
3784727
3900383
3831684
4905078
5004024
4909807
3717010
4322494
3988264
3760416
4612498
4316569
4887166
4607547
3879683
5008095
4627834
4741667
4971477
4341853
4597451
4597744
3598601
4263929
4695537
4642351
5029077
4361001
4636517
3570601
4642056
4582689
3764918
4092629
3576450
4319959
4968914
4273335
4873516
4285108
4129497
4643076
4397293
4026840
4293753
4288424
4649388
4331700
4633149
4423578
4633190
4591014
4687871
4159548
4589605
4624136
4589334
3992228
4461357
4938399
3961103
4338176
4130534
4369103
4365931
3941844
4563825
4824693
4496352
4428927
3729201
3722187
4471309
4516902
4382779
4522905
4256422
4087345
4390698
4211837
4163421
4390983
4348059
4106951
3700435
4636439
4528819
4487724
4328295
4250156
5070987
3716612
4355463
4220305
3773590
3811164
4804351
4386477
5015019
4344992
4806987
4614413
4009204
3620095
4264314
4461350
4238630
3823264
4584706
5013784
3704589
4741066
4336935
4459719
4628851
4059776
4477773
3587599
4291235
3866772
3740925
4393745
4282749
4233867
4282645
4390881
3792925
3676156
4428200
4583041
4463742
3856024
4048802
4310086
4263096
4330517
4340449
4440516
4206120
4783266
4666155
4450361
4175217
4361563
4616734
4611936
4266128
4514918
4417446
4151477
4109731
5020729
4605928
4480605
4014662
3669533
4886536
3692906
4406970
4309577
5044959
3591685
3778612
4347821
4551573
4337768
4819847
3967770
4462630
3896472
4665236
4137394
4603635
3897833
4123886
4326284
3752490
4128969
4481967
4681641
4601401
4966567
4302025
3734413
3982851
3887238
4328874
4688316
4282582
4512024
4575926
3822071
3656640
4383028
3997348
4254391
4583145
4970398
4224029
4443111
4370219
4409287
3731587
4484831
4915680
3704532
4331904
4915695
4610806
4188494
3901106
3564934
4197352
4735194
5220040
4690206
4625421
5063730
4186243
4349036
4120443
4048341
4922754
4432450
4463670
4228296
4521479
5005538
4668460
4638326
3715834
4174191
4640125
5028178
4151280
4592679
5075133
4584109
3983629
5059172
4660925
4220977
4821671
4318785
4499321
4677072
4615557
3816431
3994206
4679340
4971881
3721396
4396632
4951338
4640682
4562607
4157416
4299594
4835590
4144732
4218810
4214529
4543537
3580878
4445042
4144352
4320706
4409285
3687616
4658687
3839331
4313615
3580215
4186711
4221393
4598953
4662304
4640916
3646408
4369259
4692818
4188046
3568992
4431048
4513795
4610136
4318200
4363043
4581730
4352330
4328417
4340454
4935821
4908016
4445608
4220497
4246901
4181171
3658275
4812406
3821054
4525544
4672701
4356201
4143834
4624294
4724902
4371279
4461907
4644875
4558157
4609573
3970098
3667303
3725019
4792463
4682287
4647670
3743684
4557728
3945093
3830455
4050790
4277048
4606345
4458539
4512012
4458254
4867048
4557196
4606569
4578340
3676917
4585505
4806057
4216986
4166619
4611967
4581053
4273533
4694051
4316352
4574710
4605918
4605592
4956014
4167787
4287683
4543652
4697723
4459075
4232765
4519128
4096401
3999418
4538458
4877728
3927062
4409936
3558224
4313378
5001221
4149516
4469808
3831550
4922788
4963999
4826943
4956783
4661468
4197587
4268249
4544503
4536529
4454850
4336647
3947993
4658615
5073600
4537761
5011632
3981777
3841076
3704221
4591737
4192994
5221847
3685904
4658518
4261165
4554717
4532378
4245560
4643329
4734108
4504197
4646106
3824120
4663271
4181519
4884014
5026019
4649798
4205051
4393246
4580180
4242005
4696401
3726525
3878097
4968268
4380811
3742183
3861144
4613963
4719981
4358218
3770057
4673733
3636946
4591132
4911967
4828305
3678613
4685751
3946316
4872582
3580380
4612203
4018695
3968496
4210390
4437522
4132975
4267765
4178270
4150161
3663149
3594618
4563426
3674730
4631989
4338369
4641365
3791522
5023294
4056114
4538178
4607495
4623548
3849745
4526727
4210443
4617571
3903539
3677552
4077749
3915992
4570842
4540245
4637845
3865215
5018261
5060376
5070556
4657789
3929482
5004081
3945401
3870181
4644028
4331182
4333070
4344882
4291800
3802797
4871233
4392998
4277803
4684479
4560235
5006826
3775724
3799076
4972054
4199272
4055632
4693391
4564530
4655743
4164005
4358889
4335965
3691766
4454988
3872667
4213009
6000004
4195268
4291222
4617800
4297972
4682152
4224217
4266292
4173237
4115338
4115428
4648488
4627855
4386971
4589906
3602507
4251252
4331103
4381117
4304976
4094374
4831652
3800808
4652100
4852864
4680146
3941759
4370267
4122885
4486457
4879507
4164701
4242063
4348975
4353815
4636394
4650260
3588506
4386981
3708338
3973168
4922821
4473416
3997492
4598155
4436788
4514191
4331574
4099964
3614426
4786667
4512985
3800257
4288969
4291721
4783633
3691364
5067572
3895403
4474933
4066685
4142866
4894607
4067248
3627201
4497950
5025286
4540292
4232137
4283074
4515469
4954548
3887872
4246442
4043082
4920305
4492684
3670840
4678931
3873598
4632291
4126497
4609495
4452937
3679203
4577189
4394720
4585698
4485141
4318046
4358541
4470770
3685159
4528075
3582796
4533704
4364807
4282483
4970874
4436617
3822782
4534742
4896315
4196374
5062332
4530202
4463104
4519085
4185711
5031935
4337289
4548800
4947184
4436148
4273182
3927620
3858342
3816166
4680455
4288064
4452678
4537672
5015451
4641720
3808624
4898413
4544573
4061306
4459494
4258661
3981416
4460123
4134820
4569796
4142194
3703908
4495659
3931042
4237513
3734786
3713099
3897607
4500117
3885882
4640032
4334183
4168121
4367431
4278029
3797993
4646927
4447265
3817673
4153441
4273514
5006769
3959296
4968202
4744277
4829391
4070309
4144506
4289236
4371737
3614364
3928227
4619201
3591847
3700473
4014470
5005197
4369772
3946866
4035084
4827656
4713170
4603803
4577869
4258024
3689184
4143840
4712295
4170350
4660535
4273871
4208655
4364160
4660470
4601071
4302303
4312182
4143811
4666577
3641760
4377651
3595879
4316874
4421829
4601531
3984506
4640316
4698622
4173415
4170334
4565290
4306182
4693938
4194693
4011462
4452854
4503226
4698726
3735838
4335092
4542187
4359361
3674750
3868049
4560055
4477083
4780792
4536239
4219197
4678578
4595875
4249738
4845706
4127052
4666662
4563357
3776692
4361004
3908461
3788641
4493486
4959748
4574649
4972439
4380624
3739086
3717237
4146874
4671644
5068600
4516979
4059967
4220783
4423210
4968542
4895396
3713691
3567262
4045229
4612485
4005667
4575530
4227749
4498905
3703712
4454613
3762342
4866298
4644171
4344478
4331868
4296547
4052869
3776689
4039440
4266597
4582082
4356712
4583055
4012502
4484967
3613674
3931557
3880168
4470125
3593991
4600690
4697104
5001304
4087052
4439888
4583412
4590076
3730770
5013875
4536614
4690827
5056345
3734669
4414051
4510620
4393262
4610645
4597622
4243605
4535331
4504067
4234757
4785065
4180505
4557185
4162511
4680249
4313642
4502893
4369804
4545367
4762192
4770312
3737440
4871381
4752516
4231601
4583548
4554798
4889838
4236394
5003059
4575962
5222618
4546384
5009999
4650948
3705719
3729193
4545007
4546866
3980782
4913953
4792438
4245074
5012830
4324029
4145304
4606054
4364291
4852325
4824932
3784835
3936232
4273759
4392257
5011454
4322168
4194880
4155023
4128069
4193400
4324982
4587073
4650855
4733409
3984492
4968969
3934054
4327155
4543825
5012156
4375388
5055107
4386767
4553183
4655110
4477526
3689438
4448293
3685835
3586015
4197281
5011190
3560066
4636071
4884007
4008250
3815194
4492660
4511440
4699250
4596868
3895171
4691170
4591761
3679185
4594457
3643294
4655636
4639585
4635255
4132870
4140574
4584982
4148197
4778581
4915907
4737598
4541578
4071160
4778333
4249833
4829784
5011251
4153711
4356691
4677696
4270140
3909846
4651489
4207134
4674445
4639733
4564764
4640626
4025620
4452386
4300611
4103067
4579411
4699684
5012958
4476564
3637367
5061416
3971723
4625695
4955081
3863625
4541450
4750880
3681670
4252346
3615177
4157394
3819788
4460848
5012604
5001663
4660043
4155774
3948944
3629300
3688519
5074192
3689075
4344383
4662711
4274360
4188121
5064255
3720524
4409180
4084706
4351749
4753322
4373858
4877863
4518888
3675266
4225834
4672231
4052862
5220055
3763094
4537434
4604755
4065735
4310085
4968338
4409397
4644032
4435018
4833255
4694916
4274097
4465957
4088537
4354362
4857561
4187261
4428479
5220926
4757881
4606909
4689450
5008864
4146921
3625726
4358614
4631354
4629421
4350175
4651310
3564855
3856525
3673291
4481930
4914657
5046947
4822643
4680361
4670689
4815940
4426746
4642467
4363359
4086307
4199407
3925849
5220865
4601971
3968799
4500304
4366929
4623958
4832956
3811400
4083396
4573354
4629033
3702651
4864392
4634756
4065649
4221613
4970970
4052034
3748939
4483923
4593432
3751450
4922457
4466374
3684277
4522285
4624153
4278210
4201018
4662694
4048765
3562146
4218586
4614032
3967634
4756255
4558130
4796570
4457473
4070326
4720975
3718813
4527588
4535641
4696717
3670631
4366113
3719717
4105584
4598139
3620245
3740408
4591223
4332261
4529219
4145936
4951684
3889957
4601662
4165315
3793651
3820336
4579489
4593780
4591034
4454394
4215980
4479344
4967552
4627596
4433062
4553960
3661561
4423769
4017860
4572890
3625329
4969910
4393264
4655024
4491618
4553973
3801001
5029354
4572904
3610146
4632030
4636247
4397467
4616249
4490599
5220094
4625047
3919453
3596688
4841051
4872846
4626510
4185966
3632787
4557984
3631478
3715844
4957604
4680202
4422493
5015091
3713035
4020762
4615152
3954334
4863544
3641955
4846379
3819592
3653649
4324854
4246366
4584222
4131914
3971058
4478564
4695660
4469577
4954301
4607430
3897335
4513985
3978073
4323295
3574792
4058260
4676805
4857639
4274233
3947497
4626223
3873182
4819402
5002784
4148902
4584553
4966235
4335061
3914321
5019993
3861864
3651330
4295401
3722926
4433552
4317764
4539887
4615576
3956863
3653345
4191790
5018507
3975549
4373662
4479488
4686209
4592583
5074385
4632968
4627085
4455404
4436643
3854309
4354640
4242960
4429563
4613407
3764864
4193460
4008146
4300470
4708943
4360859
4630399
5016031
4586368
4419541
4363633
4523927
4689271
4363522
4266301
4001036
3983325
3887272
3721836
4564909
4671407
4532508
5024431
4048187
3662094
3653567
5010922
4416994
4970089
4620553
4513359
4716892
3828432
4104775
4062167
4562424
4471378
4625260
3667217
4449459
3926074
4165444
4456368
4603144
5004420
4410012
4118221
4128974
4470564
4336899
4346072
4436836
4309644
4061249
3583852
4647570
4675863
3791918
4365092
4424627
4615121
5006804
4773538
4479389
4409869
3822563
4672422
4420971
4004943
4663835
4196414
4830741
5070036
4632715
3910195
4419045
4320593
4536505
3783452
4599254
3785798
4049433
4554557
4481589
3855390
4374797
4306943
4623078
4098266
3907711
4808295
3901473
4953515
4524553
3965169
5021459
4049333
4427066
4611066
5070786
3628449
4692378
4586741
4664115
4602436
4284642
4793923
5221265
3867010
4381017
5023314
4643513
3752914
5220546
3891114
4446119
4699095
4623677
5072902
4872733
3908307
4385522
4204593
4545930
4851817
4447880
5042726
3691714
4790180
3938821
4098393
4888552
4450393
4765690
4105161
5011638
4361499
4413163
3604708
4491371
3610094
4205924
3905091
4205482
4154680
4181438
3644227
4690724
4372066
4033803
4483697
4869267
5009942
4337162
3735207
4409372
4028551
5040399
4205650
4023764
3968840
5010580
4787165
4596529
4135111
4685439
3798818
4097992
4021812
4815026
4178820
3747585
4902125
4952456
4348250
4509354
4012675
3710434
3990782
3838670
3628610
4471403
4264778
3596814
3949272
5069398
5034686
4798865
4850225
4207891
4102444
4169827
4552947
4021521
4514167
4371977
4916392
4601196
4378725
4783207
4417767
4503203
3829223
4484378
4230377
4356141
4234737
3719801
5034171
4464249
4447877
3777148
4465773
4064928
3637371
5220902
3816946
4531363
4644126
4122135
4842555
3768548
3589587
4440159
4552822
3957219
4591352
3676228
4632801
4821764
4373529
4503513
4713869
5025884
3932374
4097267
4490585
4308934
3687227
3750218
4400835
4437071
4675643
3608465
5045440
4253114
4520364
4159755
4679648
4805102
5017123
4053755
4206697
4845000
4346699
4507112
4304885
3893302
4376331
4625991
3732639
4110254
4680841
4272327
3956662
4349431
4879179
3630959
4820994
4560391
4814203
4916041
4450491
4200462
3720666
4461232
4692367
4920650
4643479
3836214
4062107
3870163
4238510
4208978
4366315
4106030
4368420
4609336
4786855
3613313
4613643
4418431
4534850
4454343
4281898
4149497
3725878
4481544
4651740
4333636
5002062
4667793
4663244
3735601
4610613
4419343
3977018
4651317
4296132
3871887
4346505
4409784
4676875
3743477
4352105
4550250
3639314
5032236
4385309
4081173
4457353
4743043
3817191
4138341
4492087
4064572
4529091
3964412
4116620
4195135
3794329
4146485
4525721
4193654
4365299
4113461
4061260
4101676
4544839
4333463
4496923
3808685
4116757
4187891
4627677
3866945
4135386
4882732
4295317
3982569
4213989
4498500
4364690
3702685
4534964
4550023
4171871
4628844
4481210
4153762
4599514
4449285
4514971
4760693
4649191
3695179
4061193
4411981
5046464
4494732
3705828
5022355
5072852
4459580
3639831
4144057
4849486
4034715
3694546
4522774
3901143
5003681
4244816
4610264
4558353
4350953
4521024
3730947
4532429
4698757
4600323
4485810
4643615
4405403
4327610
4506599
4253731
4483718
4397812
4361337
4867123
3694642
4603563
3624934
3695688
4402350
4080016
4369059
3994967
4234012
4176403
4267330
4282243
3652909
3702386
3789709
4723961
3671788
3974567
4013808
5059074
4513586
4230595
4178877
4151615
3882764
3722748
5009642
4004171
4277976
5002271
4420156
4389534
4468411
4433459
4597979
4547553
3655126
4488174
4427348
3868756
4880500
4684638
4521082
4152326
4542780
4256174
4538321
4288955
4565251
4225783
3844473
4208730
3931342
4514770
3718174
5066907
4485506
4607756
4316764
4608423
4175374
4588504
5020121
4171174
5010267
4840278
4858465
4732486
4484139
4604719
3880811
4057060
3734939
3659049
4651483
3577512
4204210
4390842
4665887
4553293
4219068
4178609
4953649
4693856
4916730
4517600
4678364
4435315
4532516
4811252
3957982
3715322
4606826
4416541
4433072
4445871
3916529
4364364
4952400
4870892
4917796
5022700
4605580
4179588
4469645
4014536
4313387
4680000
4431576
4754624
4076486
4600347
5066319
3663138
4410396
3651644
3956115
4062430
4790277
4134742
3629873
4968921
4224674
3740444
4210946
4408739
3587402
4663978
4185023
3628892
3597738
4413570
4466051
4453886
3829412
4254560
3901755
4207555
4262587
3827593
4021931
4148219
4416036
4434677
4067435
4637938
3696727
4675355
4555580
4665406
4580191
4364049
5008032
4687002
4653087
4911727
4548673
3608286
4467069
3625844
3638934
4690126
3606834
3680290
4587771
3703177
4537461
4403001
3899839
3603546
4302834
3756245
4431806
3757034
4599932
4226766
4145349
4494424
4392633
4237114
4609502
4256084
4687149
4277090
3733297
4783919
4429967
4076040
4662925
4175444
4125661
3656840
3627519
4972499
4155571
4630736
4555262
4287660
5024085
4454009
4513302
4646632
3580875
4127659
4625998
4276068
4123807
4591021
4122965
4405266
4646502
4334430
4192017
4434454
4385435
4184313
4403352
3786565
4536985
4496728
4349843
3836341
4580341
3961801
3804700
4488186
4337704
4041129
4659312
4219666
4918761
4184321
4674999
4143649
4648536
3659761
4232906
3630099
4269583
4797729
4073922
4438123
4557378
4581381
4804902
4607323
3948428
4627283
4604467
4667733
4675613
4299284
5054219
3742077
4020115
4108579
4407052
4303075
4699268
4025045
3908890
4526997
3594397
4564606
4693073
5004886
4401715
4618810
4744852
4602274
4405888
5070849
4088541
3912807
4406312
4489941
4557413
4304478
3574143
4358269
3734449
5220290
3589766
4347921
4275303
4563521
4088775
4437818
4580549
4963992
4346868
4660205
3728968
3656894
4555612
4030911
5010763
3602860
3611618
3729047
4659884
3893373
5024676
4411746
3581116
4406526
4603317
4646706
3986656
4418049
3739785
4004497
5006572
4128705
4579499
5029005
4516059
4046385
3957384
3897682
4243836
4168024
4123651
4652857
4291133
3829789
4657366
4318526
3673837
3925438
4215519
4593436
4183474
3741472
4461083
4592823
4286344
4836314
4508602
5220029
3641378
4472496
4614711
4157998
4234560
3569683
5017786
3865679
4643652
4677575
3764968
4458817
3614101
4686055
3993818
3641956
4804809
4969033
4525243
4177473
4915700
4604208
4397360
4173661
4641571
4411927
4408772
4687807
4972940
3677142
3909463
4674624
4202359
4602163
4443889
4525011
4302152
4368646
4231295
4083009
4597284
4657815
4841708
4605749
4865830
3606857
4328223
4558092
3913634
4640537
4266063
5069794
4613888
4420496
4688750
4357517
4003611
4526660
3653144
3614889
4827227
4269579
4296325
4213364
4371468
3593150
4558670
4424089
4624855
4016716
4678230
4336072
4631804
4249914
4738096
4196434
4579045
4611508
3562273
4152044
4287727
4556043
4595760
4592911
4691655
4677206
4458904
4693972
4554148
4972822
4967164
4287626
4194118
4031845
4593824
4484713
3829231
4681767
3800202
3938767
4271665
4247219
4391944
3756575
4591321
3955328
4609600
3961912
4596453
3720337
4414908
4704989
3634147
4537557
4853130
3921698
4404923
4665477
4321887
3563121
4448945
4335398
4032398
3660658
4598533
4262880
3609791
4720903
3721685
3975596
4595526
4668908
4341071
4274156
4829504
4527272
4166795
3638890
3969025
4071567
4380423
4179134
4244584
4338296
3908197
4199819
3900824
3944944
3836277
3670505
5067636
4699553
3571165
4154667
4571191
3897125
4329045
4865111
4017363
3785885
4524573
4581715
4005569
5025745
4180287
4157216
4615126
4625822
4586282
4486371
4428018
4512754
4196393
4449549
3592502
4268623
4155458
4538681
4580313
4884414
4687983
5021286
3751764
4640121
4819095
4757181
3824050
4316029
4917727
4478882
4684868
4243688
4173869
4106057
4860810
4576367
4261351
4542102
3642375
4037894
4562486
5015102
5222605
4634024
4789941
4286219
4336064
3632874
4822873
4200200
4074234
3802591
3755642
3846629
3818229
4848494
3731260
4535166
4642417
3840090
3794979
3614201
4002104
4182903
3785566
4229878
4690315
4341398
3902651
3844064
4678430
4492093
3885132
4050477
4653849
5011169
4226160
4545405
3647855
3724321
4791491
4121538
3591999
4474241
3812176
4654141
4390263
4599759
4552339
4966274
4412104
4656948
4158983
4138967
4549667
4116280
3687081
4414684
4570301
3839672
3709566
4583429
3958555
4454714
4480766
5001734
3914364
4353296
4199004
4390471
4572063
4065901
3958201
4556646
4651957
4229855
3659241
3723294
4104414
4283710
4337584
4670092
3563050
3585769
4880987
4294910
4054721
4419715
3678175
3698434
3791186
4520721
4615612
3780590
4251627
4322177
4688434
5065367
3666693
4414677
4191335
3674496
4820996
4558099
4337969
3870749
3697776
3994528
4121761
4636300
4570738
4136237
4785783
4462902
4465440
4385891
4555905
4241637
4053616
3734464
4633318
4122379
4203622
4063423
4752831
5073663
4197642
4559884
5039422
4426519
4507402
3636250
4103195
4369833
3666477
4608295
4473883
4204128
3937510
4289772
3621268
4367516
5028020
4595001
4405682
4357166
4163254
4897110
4417970
4540916
5011529
4521750
3584997
4503271
4858607
4336522
4050523
4965001
4412899
4384055
3807670
3602208
4227634
4145602
4291248
4544078
4108099
4249852
4109286
4923154
4744826
4533514
4257953
3964304
4255259
4160787
3818328
5009063
4537880
4607390
4420109
4493741
4444723
3557944
3861963
4556093
4902701
4208897
4038248
4379144
4652137
4058403
3695744
3842740
4140170
4623009
3583235
4666169
5013808
3600810
4126846
4002246
4159848
4611137
3607671
4574351
4533105
3993296
5072557
4637030
4393727
4420481
4884339
4719223
4397206
5003503
3811745
4774916
3808607
3989260
4594196
4812351
4062764
5073826
3932531
4317939
3845156
3828743
3608412
4503762
4650905
3926591
3725661
4628834
4678181
4418847
4843576
3916122
4342381
4574085
4674397
4538986
3808556
4286136
4226019
4609846
4168345
3676696
4601407
5056597
4419036
4460811
4218847
4826173
4672627
3786665
4380761
4179424
3794021
4544225
4394033
4641013
4563879
4479341
3672800
4964753
4635651
4871646
4459009
4960184
4332088
4353894
5065827
4598009
4602599
4609411
5032193
3945353
3840170
3947723
4026844
3760791
3688775
4679167
4612554
5036303
4922774
4247359
4450429
5012822
4846631
4243421
3792261
4774715
4136510
4540425
4807818
4414920
4163574
4056248
3723653
5221167
4679949
4597586
4400414
5074083
3590713
4375693
4465483
4534630
4802731
5018384
4359564
4681176
4611424
4636364
4056460
4820642
5052798
4360124
4374208
4716184
4916166
4348456
4428825
3835581
3910166
4947361
4674790
4544077
3725869
4446103
3876940
3625347
4406516
3972722
5024947
4064673
3792901
4316342
4699875
4427132
4898591
4583985
4150369
3576812
4149197
4601863
4276733
3698976
4178251
4066902
4447513
3592241
4965996
4573554
4431722
3730306
4211701
4585724
3693994
4674708
4735412
3740257
4229547
4614586
4629503
4348438
4665796
4133485
4637168
4407043
4472614
4543244
5022265
4323629
4656424
3742711
4033719
4730159
4337835
3565979
3837428
5017656
4950757
4137531
4282763
4420872
4361755
4627106
4629600
3671314
4060392
4145332
4328018
3575380
3562099
4478220
3586334
3591534
5047370
4692400
4601548
4489726
4342897
4907863
4194857
4387952
4592789
4672496
4140354
3994511
4546579
4793813
4871811
4212791
3982767
4574785
3755175
3683917
4661826
4387599
4243200
4370477
3845315
4172148
4631950
4534921
4886764
4507609
4360348
4553965
4357106
4474551
4096338
4498060
4818984
4662479
4417353
4272167
4518533
5013564
4617960
4064724
4521155
4375770
4717863
4557539
5022424
4460230
4466116
4308169
3677526
4469653
5035324
4375804
4341012
4810203
4503319
4507301
4205333
5073755
4605165
4182942
4315057
4305891
4645143
4147909
4310435
5005063
4300909
4575963
4286047
4549608
4372700
3960815
4385120
4241453
4190517
4664827
4523492
4288266
4393421
4639949
4536387
4533363
3972926
3897625
4453980
4298782
4126811
3885932
4675116
4616354
4898043
4347219
4632425
5011122
3983458
4442856
4347869
3986217
4918700
4265046
4392774
3590012
4811851
3972637
4740458
4559347
3759043
4361771
4355193
4808274
4555999
4646056
4278750
4536200
4823481
4154775
4166673
4480912
5048111
4546853
4440122
4802722
4664145
3970105
3624417
4263066
4151571
4226202
4400323
4516787
4696729
4235258
5220116
4227474
3979735
4575844
3994046
4695375
3732683
3637006
4384620
4428705
3871847
4558343
3830717
4524830
3889794
4446532
4151609
3940136
4216089
4561034
4208315
4348416
4364800
4528600
4416896
4153482
4252194
4041807
4385966
4056910
3806059
4538006
4190178
5222697
4261950
4337321
4448478
3741983
4903883
4618674
4203116
5028196
4313483
4538987
4511613
3852673
3778518
3782917
4644464
3780487
4217964
5005620
4430289
4494741
4900256
3800577
5068689
4296826
4268576
3770812
4624162
3822597
3657087
4082710
4933434
4110750
3691723
3999608
3971178
4595644
4965714
5024655
4058310
4710064
4621827
5017078
4215755
3810606
4583832
4548613
3665222
4613111
4565180
4120452
3912661
3882199
4064079
4035968
4334702
4476532
4775300
4784033
4427370
3644899
4479082
4639648
4609334
4034309
3822809
4699514
4608189
4464587
5008488
4320269
4662202
3645209
4968407
4359187
3708030
4127112
4795840
4169677
4618795
4394395
4189918
4333779
4035417
3779560
4786256
4481259
4602259
5061205
3756653
4909628
4235963
4660628
4685711
4597291
4382227
4442102
4846022
4758590
3711256
4659140
4438999
4425176
4693064
3565356
5006453
4318145
4543707
4604721
4842972
3618093
4065830
5075440
4435817
3736576
4627881
3709486
4519820
4636202
4430232
4633839
4162760
4203643
3993223
4212884
4313528
4346429
3709775
4094616
4683141
4379692
3901930
4279464
4593409
4138661
4301152
4533257
3787921
4235426
3979790
4453474
4442813
4912998
4630723
4141196
3658632
4343469
4551726
3898763
3650989
4301762
4600349
3572606
3570999
4690932
3753555
4350712
4430214
4606922
4615427
5048008
4379859
4122440
3986684
4118001
4532255
4961265
5061280
4647856
4664458
3866368
4650604
4419737
3887657
4148176
4170897
4096532
4311714
4172706
4747105
5047395
4409886
4273160
3871216
4627450
4545526
4475308
4529388
4474877
4190368
5045349
4624356
4646274
4911189
3696199
4308017
3656060
4245075
5016480
5056033
4328439
3935989
4213919
4211408
4420821
4289032
4553734
4326227
4268858
3613861
4468587
4629915
4855450
4745425
5060585
4352372
4144731
4692973
3788654
3626699
4399263
4349146
4960599
4188480
4484141
4542059
4037261
4052176
4476083
4574788
4540406
4415719
4407974
4467123
3704981
4593221
4879681
4524488
4323609
5057952
4335364
4585428
4496119
4070143
4345267
4615675
3581538
4075151
4472205
4075900
4045615
4893343
4521673
4102068
4506540
3987196
4120088
4550268
4424844
4466473
4442986
4414231
4708973
3622251
5014360
4713290
4519434
4575889
4294755
4554636
4222423
3836302
3808221
3597294
4636872
3956214
4452777
4659257
3943610
3688646
4252503
4231429
3829407
4417335
4393125
4373710
4913959
4642236
3739486
4445072
3722079
3830419
3998115
4084851
3687224
3682646
4575162
4695632
4476505
4494195
3729430
3904055
3794879
4671906
4675349
3930313
3668068
4432559
4470849
3784506
4673047
4694365
5026480
4313288
3640880
5075485
4894987
4406037
3979917
3964346
4207518
4904431
4691540
4217719
4433840
3662011
4630627
3936970
4432212
3584356
4592483
4528713
4175601
4013891
4968079
4666012
5011661
4710099
5220032
4428605
4919490
3829117
4074965
4512598
4494272
4051715
4060123
3688788
3822649
4539415
4112635
5017713
5220211
4295020
4644670
4597464
4158276
4013692
4968126
4561474
4025586
4695170
4456308
3955510
4254444
4400886
3935280
4873665
4797436
4495196
4144925
3825020
4129227
4553112
3633735
4162623
3767196
4627527
4640212
4471988
4742494
4750902
4599128
4450102
3914952
4408494
4120603
4044081
4186631
5044923
3780699
5017528
4263575
4883730
4060329
4149913
4471531
3764257
4050830
4633247
3772104
3810328
3872664
4153722
5039975
4337846
4559554
4111202
3772476
4145317
4114101
4280379
4640572
4848981
3895679
4515218
3712759
4235894
4574796
4142999
4871322
4093194
4391919
4550084
5021226
3741304
4538040
3662963
4307900
4414119
4612033
4491053
4673363
4523377
4627651
4040225
4581183
4378812
3741610
4360218
4220952
3707452
4521048
4373701
4818063
3716140
4093052
3932399
3664365
4856487
4630539
4423537
4168901
5027199
5009064
4791832
4228591
4360044
4613397
4553691
4462497
4907196
4370145
3668025
4581215
4608673
4307795
4589371
4020055
4684657
4799143
4584769
4366035
4008434
4068284
4633583
3615452
4501669
4320866
3571348
4626689
3787559
4222866
4667368
5014846
4876381
4496782
4532305
3916931
4596234
4223132
3719892
5004163
4132204
4712396
4357078
3686053
3851695
4339529
4162874
4526402
4843262
4662459
3939092
4682476
4322208
4425338
4100146
4460653
4519616
4362717
4736160
3863660
4271269
4451866
4922613
4951676
4683416
4685124
4216013
3692818
4391107
4489603
4317524
4534098
3610440
5015313
4214894
3883672
4051836
4680965
4663761
4122506
4133376
4502192
4557386
3636958
4368444
4814493
4110963
4674925
4299238
3632962
4222496
4429156
4183090
3621764
3658744
4093557
4653564
4915051
4091635
4315451
4103225
3879462
5076768
3959127
4695125
4470618
4047668
4379895
4634406
4698230
3610693
5072428
3678205
4257824
4212092
4666972
5061690
4218196
3623994
4678727
3612765
4444198
3915872
4084961
3783919
4535856
4741748
3562673
5050113
3807426
4677817
4392381
3689962
4299975
4472019
4634710
4350907
4413482
4574802
4684799
4579181
3676645
4153214
3934843
4521742
4640270
4653521
4047445
4597224
4620168
4612883
4676709
4371327
4827111
3797789
4311681
4529433
4225799
3944472
4363561
4092906
4871914
4347188
5034592
5220202
4529664
3907243
4631076
3622528
4587092
4582998
4654810
4660295
3869890
4082702
3561974
4659800
4142187
4533810
4657914
3910033
4669005
4230673
5026047
4641774
4191344
4602942
3836876
4050942
4018678
4426541
4276253
4297051
4103721
4234595
3980977
